===========================================
MEDIDA DE VI V2.9
===========================================

DÍA: 21/11/2024
HORA INICIO: 15:21:37
HORA FINAL: 15:33:30
USUARIO: 
REF.MUESTRA: 
OBSERVACIONES: 
-------------------------------------
CONDICIONES DE MEDIDA:
SELECCIÓN DE SMU VI: HP4154B
TIEMPO DE INTEGRACIÓN VI: IT1 - SHORT
Límite de corriente (A): 1.000000E-2
-------------------------------------
Nº Ciclos de Medida: 1
Cambio de  cada ciclo: IDA
-------------------------------------
Nºmedida	VOLTAJE(volt.)	CORRIENTE(amp.)	IMPEDANCIA(ohm.)	TIEMPO(seg.)	LIMITE_I/V(0/1)

N1	V1	I1	Z1	T1	Lim1	
0.00000E+0	-2.00000E+0	-4.94000E-3	404.85830E+0	0.00000E+0	0.00000E+0
1.00000E+0	-1.99000E+0	-4.93690E-3	403.08696E+0	0.00000E+0	0.00000E+0
2.00000E+0	-1.98000E+0	-4.93600E-3	401.13452E+0	0.00000E+0	0.00000E+0
3.00000E+0	-1.97000E+0	-4.93410E-3	399.26228E+0	0.00000E+0	0.00000E+0
4.00000E+0	-1.96000E+0	-4.92950E-3	397.60625E+0	0.00000E+0	0.00000E+0
5.00000E+0	-1.95000E+0	-4.92860E-3	395.64988E+0	0.00000E+0	0.00000E+0
6.00000E+0	-1.94000E+0	-4.92410E-3	393.98063E+0	0.00000E+0	0.00000E+0
7.00000E+0	-1.93000E+0	-4.92100E-3	392.19671E+0	0.00000E+0	0.00000E+0
8.00000E+0	-1.92000E+0	-4.91950E-3	390.28357E+0	0.00000E+0	0.00000E+0
9.00000E+0	-1.91000E+0	-4.91550E-3	388.56678E+0	0.00000E+0	0.00000E+0
10.00000E+0	-1.90000E+0	-4.91400E-3	386.65039E+0	0.00000E+0	0.00000E+0
11.00000E+0	-1.89000E+0	-4.91140E-3	384.81899E+0	0.00000E+0	0.00000E+0
12.00000E+0	-1.88000E+0	-4.90760E-3	383.07931E+0	0.00000E+0	0.00000E+0
13.00000E+0	-1.87000E+0	-4.90550E-3	381.20477E+0	0.00000E+0	0.00000E+0
14.00000E+0	-1.86000E+0	-4.90210E-3	379.42922E+0	0.00000E+0	0.00000E+0
15.00000E+0	-1.85000E+0	-4.90050E-3	377.51250E+0	0.00000E+0	0.00000E+0
16.00000E+0	-1.84000E+0	-4.89760E-3	375.69422E+0	0.00000E+0	0.00000E+0
17.00000E+0	-1.83000E+0	-4.89400E-3	373.92726E+0	0.00000E+0	0.00000E+0
18.00000E+0	-1.82000E+0	-4.89260E-3	371.99035E+0	0.00000E+0	0.00000E+0
19.00000E+0	-1.81000E+0	-4.88950E-3	370.18100E+0	0.00000E+0	0.00000E+0
20.00000E+0	-1.80000E+0	-4.88760E-3	368.27891E+0	0.00000E+0	0.00000E+0
21.00000E+0	-1.79000E+0	-4.88400E-3	366.50287E+0	0.00000E+0	0.00000E+0
22.00000E+0	-1.78000E+0	-4.88260E-3	364.55987E+0	0.00000E+0	0.00000E+0
23.00000E+0	-1.77000E+0	-4.87950E-3	362.74208E+0	0.00000E+0	0.00000E+0
24.00000E+0	-1.76000E+0	-4.87610E-3	360.94420E+0	0.00000E+0	0.00000E+0
25.00000E+0	-1.75000E+0	-4.87490E-3	358.98172E+0	0.00000E+0	0.00000E+0
26.00000E+0	-1.74000E+0	-4.87160E-3	357.17218E+0	0.00000E+0	0.00000E+0
27.00000E+0	-1.73000E+0	-4.86900E-3	355.30910E+0	0.00000E+0	0.00000E+0
28.00000E+0	-1.72000E+0	-4.86660E-3	353.42950E+0	0.00000E+0	0.00000E+0
29.00000E+0	-1.71000E+0	-4.86490E-3	351.49746E+0	0.00000E+0	0.00000E+0
30.00000E+0	-1.70000E+0	-4.86160E-3	349.67912E+0	0.00000E+0	0.00000E+0
31.00000E+0	-1.69000E+0	-4.85900E-3	347.80819E+0	0.00000E+0	0.00000E+0
32.00000E+0	-1.68000E+0	-4.85800E-3	345.82133E+0	0.00000E+0	0.00000E+0
33.00000E+0	-1.67000E+0	-4.85350E-3	344.08159E+0	0.00000E+0	0.00000E+0
34.00000E+0	-1.66000E+0	-4.85210E-3	342.11991E+0	0.00000E+0	0.00000E+0
35.00000E+0	-1.65000E+0	-4.84800E-3	340.34653E+0	0.00000E+0	0.00000E+0
36.00000E+0	-1.64000E+0	-4.84750E-3	338.31872E+0	0.00000E+0	0.00000E+0
37.00000E+0	-1.63000E+0	-4.84350E-3	336.53350E+0	0.00000E+0	0.00000E+0
38.00000E+0	-1.62000E+0	-4.84300E-3	334.50341E+0	0.00000E+0	0.00000E+0
39.00000E+0	-1.61000E+0	-4.84060E-3	332.60340E+0	0.00000E+0	0.00000E+0
40.00000E+0	-1.60000E+0	-4.83610E-3	330.84510E+0	0.00000E+0	0.00000E+0
41.00000E+0	-1.59000E+0	-4.83560E-3	328.81132E+0	0.00000E+0	0.00000E+0
42.00000E+0	-1.58000E+0	-4.83200E-3	326.98675E+0	0.00000E+0	0.00000E+0
43.00000E+0	-1.57000E+0	-4.83110E-3	324.97775E+0	0.00000E+0	0.00000E+0
44.00000E+0	-1.56000E+0	-4.82750E-3	323.14863E+0	0.00000E+0	0.00000E+0
45.00000E+0	-1.55000E+0	-4.82650E-3	321.14369E+0	0.00000E+0	0.00000E+0
46.00000E+0	-1.54000E+0	-4.82340E-3	319.27686E+0	0.00000E+0	0.00000E+0
47.00000E+0	-1.53000E+0	-4.82060E-3	317.38788E+0	0.00000E+0	0.00000E+0
48.00000E+0	-1.52000E+0	-4.81960E-3	315.37887E+0	0.00000E+0	0.00000E+0
49.00000E+0	-1.51000E+0	-4.81610E-3	313.53170E+0	0.00000E+0	0.00000E+0
50.00000E+0	-1.50000E+0	-4.81510E-3	311.52001E+0	0.00000E+0	0.00000E+0
51.00000E+0	-1.49000E+0	-4.81150E-3	309.67474E+0	0.00000E+0	0.00000E+0
52.00000E+0	-1.48000E+0	-4.81060E-3	307.65393E+0	0.00000E+0	0.00000E+0
53.00000E+0	-1.47000E+0	-4.80750E-3	305.77223E+0	0.00000E+0	0.00000E+0
54.00000E+0	-1.46000E+0	-4.80510E-3	303.84383E+0	0.00000E+0	0.00000E+0
55.00000E+0	-1.45000E+0	-4.80410E-3	301.82552E+0	0.00000E+0	0.00000E+0
56.00000E+0	-1.44000E+0	-4.80010E-3	299.99375E+0	0.00000E+0	0.00000E+0
57.00000E+0	-1.43000E+0	-4.79910E-3	297.97254E+0	0.00000E+0	0.00000E+0
58.00000E+0	-1.42000E+0	-4.79550E-3	296.11094E+0	0.00000E+0	0.00000E+0
59.00000E+0	-1.41000E+0	-4.79510E-3	294.05018E+0	0.00000E+0	0.00000E+0
60.00000E+0	-1.40000E+0	-4.79150E-3	292.18408E+0	0.00000E+0	0.00000E+0
61.00000E+0	-1.39000E+0	-4.79050E-3	290.15760E+0	0.00000E+0	0.00000E+0
62.00000E+0	-1.38000E+0	-4.78910E-3	288.15435E+0	0.00000E+0	0.00000E+0
63.00000E+0	-1.37000E+0	-4.78550E-3	286.28148E+0	0.00000E+0	0.00000E+0
64.00000E+0	-1.36000E+0	-4.78460E-3	284.24529E+0	0.00000E+0	0.00000E+0
65.00000E+0	-1.35000E+0	-4.78100E-3	282.36771E+0	0.00000E+0	0.00000E+0
66.00000E+0	-1.34000E+0	-4.78100E-3	280.27609E+0	0.00000E+0	0.00000E+0
67.00000E+0	-1.33000E+0	-4.77740E-3	278.39411E+0	0.00000E+0	0.00000E+0
68.00000E+0	-1.32000E+0	-4.77600E-3	276.38191E+0	0.00000E+0	0.00000E+0
69.00000E+0	-1.31000E+0	-4.77410E-3	274.39727E+0	0.00000E+0	0.00000E+0
70.00000E+0	-1.30000E+0	-4.77100E-3	272.47956E+0	0.00000E+0	0.00000E+0
71.00000E+0	-1.29000E+0	-4.77100E-3	270.38357E+0	0.00000E+0	0.00000E+0
72.00000E+0	-1.28000E+0	-4.76740E-3	268.49016E+0	0.00000E+0	0.00000E+0
73.00000E+0	-1.27000E+0	-4.76740E-3	266.39258E+0	0.00000E+0	0.00000E+0
74.00000E+0	-1.26000E+0	-4.76310E-3	264.53360E+0	0.00000E+0	0.00000E+0
75.00000E+0	-1.25000E+0	-4.76360E-3	262.40658E+0	0.00000E+0	0.00000E+0
76.00000E+0	-1.24000E+0	-4.75950E-3	260.53157E+0	0.00000E+0	0.00000E+0
77.00000E+0	-1.23000E+0	-4.75860E-3	258.47938E+0	0.00000E+0	0.00000E+0
78.00000E+0	-1.22000E+0	-4.75810E-3	256.40487E+0	0.00000E+0	0.00000E+0
79.00000E+0	-1.21000E+0	-4.75450E-3	254.49574E+0	0.00000E+0	0.00000E+0
80.00000E+0	-1.20000E+0	-4.75360E-3	252.44026E+0	0.00000E+0	0.00000E+0
81.00000E+0	-1.19000E+0	-4.75100E-3	250.47358E+0	0.00000E+0	0.00000E+0
82.00000E+0	-1.18000E+0	-4.75050E-3	248.39491E+0	0.00000E+0	0.00000E+0
83.00000E+0	-1.17000E+0	-4.74720E-3	246.46107E+0	0.00000E+0	0.00000E+0
84.00000E+0	-1.16000E+0	-4.74640E-3	244.39575E+0	0.00000E+0	0.00000E+0
85.00000E+0	-1.15000E+0	-4.74500E-3	242.36038E+0	0.00000E+0	0.00000E+0
86.00000E+0	-1.14000E+0	-4.74140E-3	240.43531E+0	0.00000E+0	0.00000E+0
87.00000E+0	-1.13000E+0	-4.74100E-3	238.34634E+0	0.00000E+0	0.00000E+0
88.00000E+0	-1.12000E+0	-4.73950E-3	236.31185E+0	0.00000E+0	0.00000E+0
89.00000E+0	-1.11000E+0	-4.73810E-3	234.27112E+0	0.00000E+0	0.00000E+0
90.00000E+0	-1.10000E+0	-4.73500E-3	232.31257E+0	0.00000E+0	0.00000E+0
91.00000E+0	-1.09000E+0	-4.73450E-3	230.22494E+0	0.00000E+0	0.00000E+0
92.00000E+0	-1.08000E+0	-4.73260E-3	228.20437E+0	0.00000E+0	0.00000E+0
93.00000E+0	-1.07000E+0	-4.72950E-3	226.23956E+0	0.00000E+0	0.00000E+0
94.00000E+0	-1.06000E+0	-4.72950E-3	224.12517E+0	0.00000E+0	0.00000E+0
95.00000E+0	-1.05000E+0	-4.72710E-3	222.12350E+0	0.00000E+0	0.00000E+0
96.00000E+0	-1.04000E+0	-4.72660E-3	220.03131E+0	0.00000E+0	0.00000E+0
97.00000E+0	-1.03000E+0	-4.72350E-3	218.05864E+0	0.00000E+0	0.00000E+0
98.00000E+0	-1.02000E+0	-4.72310E-3	215.95986E+0	0.00000E+0	0.00000E+0
99.00000E+0	-1.01000E+0	-4.72000E-3	213.98305E+0	0.00000E+0	0.00000E+0
100.00000E+0	-1.00000E+0	-4.71950E-3	211.88685E+0	0.00000E+0	0.00000E+0
101.00000E+0	-990.00000E-3	-4.71850E-3	209.81244E+0	0.00000E+0	0.00000E+0
102.00000E+0	-980.00000E-3	-4.71590E-3	207.80763E+0	0.00000E+0	0.00000E+0
103.00000E+0	-970.00000E-3	-4.71540E-3	205.70895E+0	0.00000E+0	0.00000E+0
104.00000E+0	-960.00000E-3	-4.71310E-3	203.68759E+0	0.00000E+0	0.00000E+0
105.00000E+0	-950.00000E-3	-4.71310E-3	201.56585E+0	0.00000E+0	0.00000E+0
106.00000E+0	-940.00000E-3	-4.70950E-3	199.59656E+0	0.00000E+0	0.00000E+0
107.00000E+0	-930.00000E-3	-4.71000E-3	197.45223E+0	0.00000E+0	0.00000E+0
108.00000E+0	-920.00000E-3	-4.70850E-3	195.39131E+0	0.00000E+0	0.00000E+0
109.00000E+0	-910.00000E-3	-4.70540E-3	193.39482E+0	0.00000E+0	0.00000E+0
110.00000E+0	-900.00000E-3	-4.70610E-3	191.24116E+0	0.00000E+0	0.00000E+0
111.00000E+0	-890.00000E-3	-4.70350E-3	189.22079E+0	0.00000E+0	0.00000E+0
112.00000E+0	-880.00000E-3	-4.70300E-3	187.11461E+0	0.00000E+0	0.00000E+0
113.00000E+0	-870.00000E-3	-4.70110E-3	185.06307E+0	0.00000E+0	0.00000E+0
114.00000E+0	-860.00000E-3	-4.69990E-3	182.98262E+0	0.00000E+0	0.00000E+0
115.00000E+0	-850.00000E-3	-4.69900E-3	180.88955E+0	0.00000E+0	0.00000E+0
116.00000E+0	-840.00000E-3	-4.69660E-3	178.85279E+0	0.00000E+0	0.00000E+0
117.00000E+0	-830.00000E-3	-4.69760E-3	176.68597E+0	0.00000E+0	0.00000E+0
118.00000E+0	-820.00000E-3	-4.69490E-3	174.65761E+0	0.00000E+0	0.00000E+0
119.00000E+0	-810.00000E-3	-4.69400E-3	172.56072E+0	0.00000E+0	0.00000E+0
120.00000E+0	-800.00000E-3	-4.69260E-3	170.48118E+0	0.00000E+0	0.00000E+0
121.00000E+0	-790.00000E-3	-4.69260E-3	168.35017E+0	0.00000E+0	0.00000E+0
122.00000E+0	-780.00000E-3	-4.69060E-3	166.29003E+0	0.00000E+0	0.00000E+0
123.00000E+0	-770.00000E-3	-4.68850E-3	164.23163E+0	0.00000E+0	0.00000E+0
124.00000E+0	-760.00000E-3	-4.68900E-3	162.08147E+0	0.00000E+0	0.00000E+0
125.00000E+0	-750.00000E-3	-4.68710E-3	160.01365E+0	0.00000E+0	0.00000E+0
126.00000E+0	-740.00000E-3	-4.68660E-3	157.89698E+0	0.00000E+0	0.00000E+0
127.00000E+0	-730.00000E-3	-4.68440E-3	155.83639E+0	0.00000E+0	0.00000E+0
128.00000E+0	-720.00000E-3	-4.68490E-3	153.68524E+0	0.00000E+0	0.00000E+0
129.00000E+0	-710.00000E-3	-4.68210E-3	151.64136E+0	0.00000E+0	0.00000E+0
130.00000E+0	-700.00000E-3	-4.68210E-3	149.50556E+0	0.00000E+0	0.00000E+0
131.00000E+0	-690.00000E-3	-4.68160E-3	147.38551E+0	0.00000E+0	0.00000E+0
132.00000E+0	-680.00000E-3	-4.67900E-3	145.33020E+0	0.00000E+0	0.00000E+0
133.00000E+0	-670.00000E-3	-4.67940E-3	143.18075E+0	0.00000E+0	0.00000E+0
134.00000E+0	-660.00000E-3	-4.67750E-3	141.10102E+0	0.00000E+0	0.00000E+0
135.00000E+0	-650.00000E-3	-4.67750E-3	138.96312E+0	0.00000E+0	0.00000E+0
136.00000E+0	-640.00000E-3	-4.67610E-3	136.86619E+0	0.00000E+0	0.00000E+0
137.00000E+0	-630.00000E-3	-4.67660E-3	134.71325E+0	0.00000E+0	0.00000E+0
138.00000E+0	-620.00000E-3	-4.67350E-3	132.66289E+0	0.00000E+0	0.00000E+0
139.00000E+0	-610.00000E-3	-4.67160E-3	130.57625E+0	0.00000E+0	0.00000E+0
140.00000E+0	-600.00000E-3	-4.67250E-3	128.41091E+0	0.00000E+0	0.00000E+0
141.00000E+0	-590.00000E-3	-4.67060E-3	126.32210E+0	0.00000E+0	0.00000E+0
142.00000E+0	-580.00000E-3	-4.67110E-3	124.16775E+0	0.00000E+0	0.00000E+0
143.00000E+0	-570.00000E-3	-4.66850E-3	122.09489E+0	0.00000E+0	0.00000E+0
144.00000E+0	-560.00000E-3	-4.66940E-3	119.92976E+0	0.00000E+0	0.00000E+0
145.00000E+0	-550.00000E-3	-4.66700E-3	117.84873E+0	0.00000E+0	0.00000E+0
146.00000E+0	-540.00000E-3	-4.66660E-3	115.71594E+0	0.00000E+0	0.00000E+0
147.00000E+0	-530.00000E-3	-4.66700E-3	113.56332E+0	0.00000E+0	0.00000E+0
148.00000E+0	-520.00000E-3	-4.66390E-3	111.49467E+0	0.00000E+0	0.00000E+0
149.00000E+0	-510.00000E-3	-4.66510E-3	109.32242E+0	0.00000E+0	0.00000E+0
150.00000E+0	-500.00000E-3	-4.66350E-3	107.21561E+0	0.00000E+0	0.00000E+0
151.00000E+0	-490.00000E-3	-4.66390E-3	105.06229E+0	0.00000E+0	0.00000E+0
152.00000E+0	-480.00000E-3	-4.66060E-3	102.99103E+0	0.00000E+0	0.00000E+0
153.00000E+0	-470.00000E-3	-4.66160E-3	100.82375E+0	0.00000E+0	0.00000E+0
154.00000E+0	-460.00000E-3	-4.66160E-3	98.67857E+0	0.00000E+0	0.00000E+0
155.00000E+0	-450.00000E-3	-4.65890E-3	96.58932E+0	0.00000E+0	0.00000E+0
156.00000E+0	-440.00000E-3	-4.65890E-3	94.44289E+0	0.00000E+0	0.00000E+0
157.00000E+0	-430.00000E-3	-4.65750E-3	92.32421E+0	0.00000E+0	0.00000E+0
158.00000E+0	-420.00000E-3	-4.65800E-3	90.16745E+0	0.00000E+0	0.00000E+0
159.00000E+0	-410.00000E-3	-4.65560E-3	88.06599E+0	0.00000E+0	0.00000E+0
160.00000E+0	-400.00000E-3	-4.65700E-3	85.89221E+0	0.00000E+0	0.00000E+0
161.00000E+0	-390.00000E-3	-4.65460E-3	83.78808E+0	0.00000E+0	0.00000E+0
162.00000E+0	-380.00000E-3	-4.65390E-3	81.65195E+0	0.00000E+0	0.00000E+0
163.00000E+0	-370.00000E-3	-4.65510E-3	79.48272E+0	0.00000E+0	0.00000E+0
164.00000E+0	-360.00000E-3	-4.65300E-3	77.36944E+0	0.00000E+0	0.00000E+0
165.00000E+0	-350.00000E-3	-4.65390E-3	75.20574E+0	0.00000E+0	0.00000E+0
166.00000E+0	-340.00000E-3	-4.65150E-3	73.09470E+0	0.00000E+0	0.00000E+0
167.00000E+0	-330.00000E-3	-4.65150E-3	70.94486E+0	0.00000E+0	0.00000E+0
168.00000E+0	-320.00000E-3	-4.65060E-3	68.80833E+0	0.00000E+0	0.00000E+0
169.00000E+0	-310.00000E-3	-4.65110E-3	66.65090E+0	0.00000E+0	0.00000E+0
170.00000E+0	-300.00000E-3	-4.65110E-3	64.50087E+0	0.00000E+0	0.00000E+0
171.00000E+0	-290.00000E-3	-4.64800E-3	62.39243E+0	0.00000E+0	0.00000E+0
172.00000E+0	-280.00000E-3	-4.64840E-3	60.23578E+0	0.00000E+0	0.00000E+0
173.00000E+0	-270.00000E-3	-4.64800E-3	58.08950E+0	0.00000E+0	0.00000E+0
174.00000E+0	-260.00000E-3	-4.64750E-3	55.94406E+0	0.00000E+0	0.00000E+0
175.00000E+0	-250.00000E-3	-4.64610E-3	53.80857E+0	0.00000E+0	0.00000E+0
176.00000E+0	-240.00000E-3	-4.64650E-3	51.65178E+0	0.00000E+0	0.00000E+0
177.00000E+0	-230.00000E-3	-4.64560E-3	49.50921E+0	0.00000E+0	0.00000E+0
178.00000E+0	-220.00000E-3	-4.64340E-3	47.37908E+0	0.00000E+0	0.00000E+0
179.00000E+0	-210.00000E-3	-4.64510E-3	45.20893E+0	0.00000E+0	0.00000E+0
180.00000E+0	-200.00000E-3	-4.64340E-3	43.07189E+0	0.00000E+0	0.00000E+0
181.00000E+0	-190.00000E-3	-4.64340E-3	40.91829E+0	0.00000E+0	0.00000E+0
182.00000E+0	-180.00000E-3	-4.64200E-3	38.77639E+0	0.00000E+0	0.00000E+0
183.00000E+0	-170.00000E-3	-4.64250E-3	36.61820E+0	0.00000E+0	0.00000E+0
184.00000E+0	-160.00000E-3	-4.63960E-3	34.48573E+0	0.00000E+0	0.00000E+0
185.00000E+0	-150.00000E-3	-4.64150E-3	32.31714E+0	0.00000E+0	0.00000E+0
186.00000E+0	-140.00000E-3	-4.63960E-3	30.17502E+0	0.00000E+0	0.00000E+0
187.00000E+0	-130.00000E-3	-4.63910E-3	28.02268E+0	0.00000E+0	0.00000E+0
188.00000E+0	-120.00000E-3	-4.63960E-3	25.86430E+0	0.00000E+0	0.00000E+0
189.00000E+0	-110.00000E-3	-4.63750E-3	23.71968E+0	0.00000E+0	0.00000E+0
190.00000E+0	-100.00000E-3	-4.63750E-3	21.56334E+0	0.00000E+0	0.00000E+0
191.00000E+0	-90.00000E-3	-4.63600E-3	19.41329E+0	0.00000E+0	0.00000E+0
192.00000E+0	-80.00000E-3	-4.63750E-3	17.25067E+0	0.00000E+0	0.00000E+0
193.00000E+0	-70.00000E-3	-4.63510E-3	15.10216E+0	0.00000E+0	0.00000E+0
194.00000E+0	-60.00000E-3	-4.63250E-3	12.95197E+0	0.00000E+0	0.00000E+0
195.00000E+0	-50.00000E-3	-4.63410E-3	10.78958E+0	0.00000E+0	0.00000E+0
196.00000E+0	-40.00000E-3	-4.63200E-3	8.63558E+0	0.00000E+0	0.00000E+0
197.00000E+0	-30.00000E-3	-4.63200E-3	6.47668E+0	0.00000E+0	0.00000E+0
198.00000E+0	-20.00000E-3	-4.63100E-3	4.31872E+0	0.00000E+0	0.00000E+0
199.00000E+0	-10.00000E-3	-4.63010E-3	2.15978E+0	0.00000E+0	0.00000E+0
200.00000E+0	0.00000E+0	-4.62700E-3	-0.00000E+0	0.00000E+0	0.00000E+0
201.00000E+0	10.00000E-3	-4.62460E-3	-2.16235E+0	0.00000E+0	0.00000E+0
202.00000E+0	20.00000E-3	-4.62510E-3	-4.32423E+0	0.00000E+0	0.00000E+0
203.00000E+0	30.00000E-3	-4.62050E-3	-6.49280E+0	0.00000E+0	0.00000E+0
204.00000E+0	40.00000E-3	-4.61960E-3	-8.65876E+0	0.00000E+0	0.00000E+0
205.00000E+0	50.00000E-3	-4.61600E-3	-10.83189E+0	0.00000E+0	0.00000E+0
206.00000E+0	60.00000E-3	-4.61460E-3	-13.00221E+0	0.00000E+0	0.00000E+0
207.00000E+0	70.00000E-3	-4.60910E-3	-15.18735E+0	0.00000E+0	0.00000E+0
208.00000E+0	80.00000E-3	-4.60550E-3	-17.37054E+0	0.00000E+0	0.00000E+0
209.00000E+0	90.00000E-3	-4.60240E-3	-19.55501E+0	0.00000E+0	0.00000E+0
210.00000E+0	100.00000E-3	-4.59690E-3	-21.75379E+0	0.00000E+0	0.00000E+0
211.00000E+0	110.00000E-3	-4.59240E-3	-23.95262E+0	0.00000E+0	0.00000E+0
212.00000E+0	120.00000E-3	-4.58690E-3	-26.16146E+0	0.00000E+0	0.00000E+0
213.00000E+0	130.00000E-3	-4.58260E-3	-28.36818E+0	0.00000E+0	0.00000E+0
214.00000E+0	140.00000E-3	-4.57500E-3	-30.60109E+0	0.00000E+0	0.00000E+0
215.00000E+0	150.00000E-3	-4.57000E-3	-32.82276E+0	0.00000E+0	0.00000E+0
216.00000E+0	160.00000E-3	-4.56360E-3	-35.06004E+0	0.00000E+0	0.00000E+0
217.00000E+0	170.00000E-3	-4.55450E-3	-37.32572E+0	0.00000E+0	0.00000E+0
218.00000E+0	180.00000E-3	-4.54950E-3	-39.56479E+0	0.00000E+0	0.00000E+0
219.00000E+0	190.00000E-3	-4.54000E-3	-41.85022E+0	0.00000E+0	0.00000E+0
220.00000E+0	200.00000E-3	-4.53310E-3	-44.11992E+0	0.00000E+0	0.00000E+0
221.00000E+0	210.00000E-3	-4.52260E-3	-46.43347E+0	0.00000E+0	0.00000E+0
222.00000E+0	220.00000E-3	-4.51450E-3	-48.73186E+0	0.00000E+0	0.00000E+0
223.00000E+0	230.00000E-3	-4.50300E-3	-51.07706E+0	0.00000E+0	0.00000E+0
224.00000E+0	240.00000E-3	-4.49160E-3	-53.43308E+0	0.00000E+0	0.00000E+0
225.00000E+0	250.00000E-3	-4.48200E-3	-55.77867E+0	0.00000E+0	0.00000E+0
226.00000E+0	260.00000E-3	-4.46750E-3	-58.19810E+0	0.00000E+0	0.00000E+0
227.00000E+0	270.00000E-3	-4.45510E-3	-60.60470E+0	0.00000E+0	0.00000E+0
228.00000E+0	280.00000E-3	-4.43910E-3	-63.07585E+0	0.00000E+0	0.00000E+0
229.00000E+0	290.00000E-3	-4.42310E-3	-65.56488E+0	0.00000E+0	0.00000E+0
230.00000E+0	300.00000E-3	-4.40410E-3	-68.11834E+0	0.00000E+0	0.00000E+0
231.00000E+0	310.00000E-3	-4.38500E-3	-70.69555E+0	0.00000E+0	0.00000E+0
232.00000E+0	320.00000E-3	-4.36310E-3	-73.34235E+0	0.00000E+0	0.00000E+0
233.00000E+0	330.00000E-3	-4.33610E-3	-76.10526E+0	0.00000E+0	0.00000E+0
234.00000E+0	340.00000E-3	-4.30800E-3	-78.92293E+0	0.00000E+0	0.00000E+0
235.00000E+0	350.00000E-3	-4.27460E-3	-81.87901E+0	0.00000E+0	0.00000E+0
236.00000E+0	360.00000E-3	-4.23810E-3	-84.94372E+0	0.00000E+0	0.00000E+0
237.00000E+0	370.00000E-3	-4.19090E-3	-88.28653E+0	0.00000E+0	0.00000E+0
238.00000E+0	380.00000E-3	-4.13850E-3	-91.82071E+0	0.00000E+0	0.00000E+0
239.00000E+0	390.00000E-3	-4.07360E-3	-95.73841E+0	0.00000E+0	0.00000E+0
240.00000E+0	400.00000E-3	-3.99210E-3	-100.19789E+0	0.00000E+0	0.00000E+0
241.00000E+0	410.00000E-3	-3.89500E-3	-105.26316E+0	0.00000E+0	0.00000E+0
242.00000E+0	420.00000E-3	-3.76810E-3	-111.46201E+0	0.00000E+0	0.00000E+0
243.00000E+0	430.00000E-3	-3.61160E-3	-119.06080E+0	0.00000E+0	0.00000E+0
244.00000E+0	440.00000E-3	-3.40600E-3	-129.18379E+0	0.00000E+0	0.00000E+0
245.00000E+0	450.00000E-3	-3.14400E-3	-143.12977E+0	0.00000E+0	0.00000E+0
246.00000E+0	460.00000E-3	-2.80150E-3	-164.19775E+0	0.00000E+0	0.00000E+0
247.00000E+0	470.00000E-3	-2.35700E-3	-199.40602E+0	0.00000E+0	0.00000E+0
248.00000E+0	480.00000E-3	-1.79950E-3	-266.74076E+0	0.00000E+0	0.00000E+0
249.00000E+0	490.00000E-3	-1.08700E-3	-450.78197E+0	0.00000E+0	0.00000E+0
250.00000E+0	500.00000E-3	-217.70000E-6	-2.29674E+3	0.00000E+0	0.00000E+0
251.00000E+0	510.00000E-3	833.66000E-6	611.76019E+0	0.00000E+0	0.00000E+0
252.00000E+0	520.00000E-3	2.08000E-3	250.00000E+0	0.00000E+0	0.00000E+0
253.00000E+0	530.00000E-3	3.52250E-3	150.46132E+0	0.00000E+0	0.00000E+0
254.00000E+0	540.00000E-3	5.13650E-3	105.12995E+0	0.00000E+0	0.00000E+0
255.00000E+0	550.00000E-3	6.93890E-3	79.26328E+0	0.00000E+0	0.00000E+0
256.00000E+0	560.00000E-3	8.89300E-3	62.97088E+0	0.00000E+0	0.00000E+0
257.00000E+0	570.00000E-3	10.00100E-3	56.99430E+0	0.00000E+0	1.00000E+0
258.00000E+0	580.00000E-3	10.00100E-3	57.99420E+0	0.00000E+0	1.00000E+0
259.00000E+0	590.00000E-3	10.00100E-3	58.99410E+0	0.00000E+0	1.00000E+0
260.00000E+0	600.00000E-3	10.00100E-3	59.99400E+0	0.00000E+0	1.00000E+0
261.00000E+0	610.00000E-3	10.00100E-3	60.99390E+0	0.00000E+0	1.00000E+0
262.00000E+0	620.00000E-3	10.00100E-3	61.99380E+0	0.00000E+0	1.00000E+0
263.00000E+0	630.00000E-3	10.00100E-3	62.99370E+0	0.00000E+0	1.00000E+0
264.00000E+0	640.00000E-3	10.00100E-3	63.99360E+0	0.00000E+0	1.00000E+0
265.00000E+0	650.00000E-3	10.00100E-3	64.99350E+0	0.00000E+0	1.00000E+0
266.00000E+0	660.00000E-3	10.00100E-3	65.99340E+0	0.00000E+0	1.00000E+0
267.00000E+0	670.00000E-3	10.00100E-3	66.99330E+0	0.00000E+0	1.00000E+0
268.00000E+0	680.00000E-3	10.00100E-3	67.99320E+0	0.00000E+0	1.00000E+0
269.00000E+0	690.00000E-3	10.00100E-3	68.99310E+0	0.00000E+0	1.00000E+0
270.00000E+0	700.00000E-3	10.00100E-3	69.99300E+0	0.00000E+0	1.00000E+0
271.00000E+0	710.00000E-3	10.00100E-3	70.99290E+0	0.00000E+0	1.00000E+0
272.00000E+0	720.00000E-3	10.00100E-3	71.99280E+0	0.00000E+0	1.00000E+0
273.00000E+0	730.00000E-3	10.00100E-3	72.99270E+0	0.00000E+0	1.00000E+0
274.00000E+0	740.00000E-3	10.00100E-3	73.99260E+0	0.00000E+0	1.00000E+0
275.00000E+0	750.00000E-3	10.00100E-3	74.99250E+0	0.00000E+0	1.00000E+0
276.00000E+0	760.00000E-3	10.00100E-3	75.99240E+0	0.00000E+0	1.00000E+0
277.00000E+0	770.00000E-3	10.00100E-3	76.99230E+0	0.00000E+0	1.00000E+0
278.00000E+0	780.00000E-3	10.00100E-3	77.99220E+0	0.00000E+0	1.00000E+0
279.00000E+0	790.00000E-3	10.00100E-3	78.99210E+0	0.00000E+0	1.00000E+0
280.00000E+0	800.00000E-3	10.00100E-3	79.99200E+0	0.00000E+0	1.00000E+0
281.00000E+0	810.00000E-3	10.00100E-3	80.99190E+0	0.00000E+0	1.00000E+0
282.00000E+0	820.00000E-3	10.00100E-3	81.99180E+0	0.00000E+0	1.00000E+0
283.00000E+0	830.00000E-3	10.00100E-3	82.99170E+0	0.00000E+0	1.00000E+0
284.00000E+0	840.00000E-3	10.00100E-3	83.99160E+0	0.00000E+0	1.00000E+0
285.00000E+0	850.00000E-3	10.00100E-3	84.99150E+0	0.00000E+0	1.00000E+0
286.00000E+0	860.00000E-3	10.00100E-3	85.99140E+0	0.00000E+0	1.00000E+0
287.00000E+0	870.00000E-3	10.00100E-3	86.99130E+0	0.00000E+0	1.00000E+0
288.00000E+0	880.00000E-3	10.00100E-3	87.99120E+0	0.00000E+0	1.00000E+0
289.00000E+0	890.00000E-3	10.00100E-3	88.99110E+0	0.00000E+0	1.00000E+0
290.00000E+0	900.00000E-3	10.00100E-3	89.99100E+0	0.00000E+0	1.00000E+0
291.00000E+0	910.00000E-3	10.00100E-3	90.99090E+0	0.00000E+0	1.00000E+0
292.00000E+0	920.00000E-3	10.00100E-3	91.99080E+0	0.00000E+0	1.00000E+0
293.00000E+0	930.00000E-3	10.00100E-3	92.99070E+0	0.00000E+0	1.00000E+0
294.00000E+0	940.00000E-3	10.00100E-3	93.99060E+0	0.00000E+0	1.00000E+0
295.00000E+0	950.00000E-3	10.00100E-3	94.99050E+0	0.00000E+0	1.00000E+0
296.00000E+0	960.00000E-3	10.00100E-3	95.99040E+0	0.00000E+0	1.00000E+0
297.00000E+0	970.00000E-3	10.00100E-3	96.99030E+0	0.00000E+0	1.00000E+0
298.00000E+0	980.00000E-3	10.00100E-3	97.99020E+0	0.00000E+0	1.00000E+0
299.00000E+0	990.00000E-3	10.00100E-3	98.99010E+0	0.00000E+0	1.00000E+0
300.00000E+0	1.00000E+0	10.00100E-3	99.99000E+0	0.00000E+0	1.00000E+0
301.00000E+0	1.01000E+0	10.00100E-3	100.98990E+0	0.00000E+0	1.00000E+0
302.00000E+0	1.02000E+0	10.00100E-3	101.98980E+0	0.00000E+0	1.00000E+0
303.00000E+0	1.03000E+0	10.00100E-3	102.98970E+0	0.00000E+0	1.00000E+0
304.00000E+0	1.04000E+0	10.00100E-3	103.98960E+0	0.00000E+0	1.00000E+0
305.00000E+0	1.05000E+0	10.00100E-3	104.98950E+0	0.00000E+0	1.00000E+0
306.00000E+0	1.06000E+0	10.00100E-3	105.98940E+0	0.00000E+0	1.00000E+0
307.00000E+0	1.07000E+0	10.00100E-3	106.98930E+0	0.00000E+0	1.00000E+0
308.00000E+0	1.08000E+0	10.00100E-3	107.98920E+0	0.00000E+0	1.00000E+0
309.00000E+0	1.09000E+0	10.00100E-3	108.98910E+0	0.00000E+0	1.00000E+0
310.00000E+0	1.10000E+0	10.00100E-3	109.98900E+0	0.00000E+0	1.00000E+0
311.00000E+0	1.11000E+0	10.00100E-3	110.98890E+0	0.00000E+0	1.00000E+0
312.00000E+0	1.12000E+0	10.00100E-3	111.98880E+0	0.00000E+0	1.00000E+0
313.00000E+0	1.13000E+0	10.00100E-3	112.98870E+0	0.00000E+0	1.00000E+0
314.00000E+0	1.14000E+0	10.00100E-3	113.98860E+0	0.00000E+0	1.00000E+0
315.00000E+0	1.15000E+0	10.00100E-3	114.98850E+0	0.00000E+0	1.00000E+0
316.00000E+0	1.16000E+0	10.00100E-3	115.98840E+0	0.00000E+0	1.00000E+0
317.00000E+0	1.17000E+0	10.00100E-3	116.98830E+0	0.00000E+0	1.00000E+0
318.00000E+0	1.18000E+0	10.00100E-3	117.98820E+0	0.00000E+0	1.00000E+0
319.00000E+0	1.19000E+0	10.00100E-3	118.98810E+0	0.00000E+0	1.00000E+0
320.00000E+0	1.20000E+0	10.00100E-3	119.98800E+0	0.00000E+0	1.00000E+0
321.00000E+0	1.21000E+0	10.00100E-3	120.98790E+0	0.00000E+0	1.00000E+0
322.00000E+0	1.22000E+0	10.00100E-3	121.98780E+0	0.00000E+0	1.00000E+0
323.00000E+0	1.23000E+0	10.00100E-3	122.98770E+0	0.00000E+0	1.00000E+0
324.00000E+0	1.24000E+0	10.00100E-3	123.98760E+0	0.00000E+0	1.00000E+0
325.00000E+0	1.25000E+0	10.00100E-3	124.98750E+0	0.00000E+0	1.00000E+0
326.00000E+0	1.26000E+0	10.00100E-3	125.98740E+0	0.00000E+0	1.00000E+0
327.00000E+0	1.27000E+0	10.00100E-3	126.98730E+0	0.00000E+0	1.00000E+0
328.00000E+0	1.28000E+0	10.00100E-3	127.98720E+0	0.00000E+0	1.00000E+0
329.00000E+0	1.29000E+0	10.00100E-3	128.98710E+0	0.00000E+0	1.00000E+0
330.00000E+0	1.30000E+0	10.00100E-3	129.98700E+0	0.00000E+0	1.00000E+0
331.00000E+0	1.31000E+0	10.00100E-3	130.98690E+0	0.00000E+0	1.00000E+0
332.00000E+0	1.32000E+0	10.00100E-3	131.98680E+0	0.00000E+0	1.00000E+0
333.00000E+0	1.33000E+0	10.00100E-3	132.98670E+0	0.00000E+0	1.00000E+0
334.00000E+0	1.34000E+0	10.00100E-3	133.98660E+0	0.00000E+0	1.00000E+0
335.00000E+0	1.35000E+0	10.00100E-3	134.98650E+0	0.00000E+0	1.00000E+0
336.00000E+0	1.36000E+0	10.00100E-3	135.98640E+0	0.00000E+0	1.00000E+0
337.00000E+0	1.37000E+0	10.00100E-3	136.98630E+0	0.00000E+0	1.00000E+0
338.00000E+0	1.38000E+0	10.00100E-3	137.98620E+0	0.00000E+0	1.00000E+0
339.00000E+0	1.39000E+0	10.00100E-3	138.98610E+0	0.00000E+0	1.00000E+0
340.00000E+0	1.40000E+0	10.00100E-3	139.98600E+0	0.00000E+0	1.00000E+0
341.00000E+0	1.41000E+0	10.00100E-3	140.98590E+0	0.00000E+0	1.00000E+0
342.00000E+0	1.42000E+0	10.00100E-3	141.98580E+0	0.00000E+0	1.00000E+0
343.00000E+0	1.43000E+0	10.00100E-3	142.98570E+0	0.00000E+0	1.00000E+0
344.00000E+0	1.44000E+0	10.00100E-3	143.98560E+0	0.00000E+0	1.00000E+0
345.00000E+0	1.45000E+0	10.00100E-3	144.98550E+0	0.00000E+0	1.00000E+0
346.00000E+0	1.46000E+0	10.00100E-3	145.98540E+0	0.00000E+0	1.00000E+0
347.00000E+0	1.47000E+0	10.00100E-3	146.98530E+0	0.00000E+0	1.00000E+0
348.00000E+0	1.48000E+0	10.00100E-3	147.98520E+0	0.00000E+0	1.00000E+0
349.00000E+0	1.49000E+0	10.00100E-3	148.98510E+0	0.00000E+0	1.00000E+0
350.00000E+0	1.50000E+0	10.00100E-3	149.98500E+0	0.00000E+0	1.00000E+0
