===========================================
MEDIDA DE VI V3.2
===========================================

DÍA: 26/11/2024
HORA INICIO: 15:52:17
HORA FINAL: 16:04:14
USUARIO: 
REF.MUESTRA: 
OBSERVACIONES: 
-------------------------------------
CONDICIONES DE MEDIDA:
SELECCIÓN DE SMU VI: HP4154B
TIEMPO DE INTEGRACIÓN VI: IT1 - SHORT
Límite de corriente (A): 1.000000E-2
-------------------------------------
Nº Ciclos de Medida: 1
Cambio de  cada ciclo: IDA
-------------------------------------
TENSION(V)	CORRIENTE(A)	IMPEDANCIA(Ohm)	TIEMPO(seg)	LIMITE_I/V(0/1)

-2.00000E+0	-4.89950E-3	408.20492E+0	0.00000E+0	0.00000E+0
-1.99000E+0	-4.89540E-3	406.50407E+0	0.00000E+0	0.00000E+0
-1.98000E+0	-4.89500E-3	404.49438E+0	0.00000E+0	0.00000E+0
-1.97000E+0	-4.89310E-3	402.60775E+0	0.00000E+0	0.00000E+0
-1.96000E+0	-4.88900E-3	400.89998E+0	0.00000E+0	0.00000E+0
-1.95000E+0	-4.88810E-3	398.92801E+0	0.00000E+0	0.00000E+0
-1.94000E+0	-4.88400E-3	397.21540E+0	0.00000E+0	0.00000E+0
-1.93000E+0	-4.88210E-3	395.32169E+0	0.00000E+0	0.00000E+0
-1.92000E+0	-4.87900E-3	393.52326E+0	0.00000E+0	0.00000E+0
-1.91000E+0	-4.87450E-3	391.83506E+0	0.00000E+0	0.00000E+0
-1.90000E+0	-4.87400E-3	389.82355E+0	0.00000E+0	0.00000E+0
-1.89000E+0	-4.87070E-3	388.03457E+0	0.00000E+0	0.00000E+0
-1.88000E+0	-4.86750E-3	386.23523E+0	0.00000E+0	0.00000E+0
-1.87000E+0	-4.86400E-3	384.45724E+0	0.00000E+0	0.00000E+0
-1.86000E+0	-4.86250E-3	382.51928E+0	0.00000E+0	0.00000E+0
-1.85000E+0	-4.85940E-3	380.70544E+0	0.00000E+0	0.00000E+0
-1.84000E+0	-4.85560E-3	378.94390E+0	0.00000E+0	0.00000E+0
-1.83000E+0	-4.85400E-3	377.00865E+0	0.00000E+0	0.00000E+0
-1.82000E+0	-4.85110E-3	375.17264E+0	0.00000E+0	0.00000E+0
-1.81000E+0	-4.84900E-3	373.27284E+0	0.00000E+0	0.00000E+0
-1.80000E+0	-4.84560E-3	371.47103E+0	0.00000E+0	0.00000E+0
-1.79000E+0	-4.84350E-3	369.56746E+0	0.00000E+0	0.00000E+0
-1.78000E+0	-4.84110E-3	367.68503E+0	0.00000E+0	0.00000E+0
-1.77000E+0	-4.83750E-3	365.89147E+0	0.00000E+0	0.00000E+0
-1.76000E+0	-4.83700E-3	363.86190E+0	0.00000E+0	0.00000E+0
-1.75000E+0	-4.83300E-3	362.09394E+0	0.00000E+0	0.00000E+0
-1.74000E+0	-4.83110E-3	360.16642E+0	0.00000E+0	0.00000E+0
-1.73000E+0	-4.82750E-3	358.36354E+0	0.00000E+0	0.00000E+0
-1.72000E+0	-4.82650E-3	356.36590E+0	0.00000E+0	0.00000E+0
-1.71000E+0	-4.82300E-3	354.55111E+0	0.00000E+0	0.00000E+0
-1.70000E+0	-4.81920E-3	352.75564E+0	0.00000E+0	0.00000E+0
-1.69000E+0	-4.81920E-3	350.68061E+0	0.00000E+0	0.00000E+0
-1.68000E+0	-4.81410E-3	348.97489E+0	0.00000E+0	0.00000E+0
-1.67000E+0	-4.81340E-3	346.94810E+0	0.00000E+0	0.00000E+0
-1.66000E+0	-4.81010E-3	345.10717E+0	0.00000E+0	0.00000E+0
-1.65000E+0	-4.80840E-3	343.14949E+0	0.00000E+0	0.00000E+0
-1.64000E+0	-4.80600E-3	341.24012E+0	0.00000E+0	0.00000E+0
-1.63000E+0	-4.80200E-3	339.44190E+0	0.00000E+0	0.00000E+0
-1.62000E+0	-4.80250E-3	337.32431E+0	0.00000E+0	0.00000E+0
-1.61000E+0	-4.79870E-3	335.50753E+0	0.00000E+0	0.00000E+0
-1.60000E+0	-4.79600E-3	333.61134E+0	0.00000E+0	0.00000E+0
-1.59000E+0	-4.79360E-3	331.69226E+0	0.00000E+0	0.00000E+0
-1.58000E+0	-4.79200E-3	329.71619E+0	0.00000E+0	0.00000E+0
-1.57000E+0	-4.78740E-3	327.94419E+0	0.00000E+0	0.00000E+0
-1.56000E+0	-4.78700E-3	325.88260E+0	0.00000E+0	0.00000E+0
-1.55000E+0	-4.78510E-3	323.92218E+0	0.00000E+0	0.00000E+0
-1.54000E+0	-4.78100E-3	322.10835E+0	0.00000E+0	0.00000E+0
-1.53000E+0	-4.78000E-3	320.08368E+0	0.00000E+0	0.00000E+0
-1.52000E+0	-4.77650E-3	318.22464E+0	0.00000E+0	0.00000E+0
-1.51000E+0	-4.77650E-3	316.13106E+0	0.00000E+0	0.00000E+0
-1.50000E+0	-4.77240E-3	314.30727E+0	0.00000E+0	0.00000E+0
-1.49000E+0	-4.77190E-3	312.24460E+0	0.00000E+0	0.00000E+0
-1.48000E+0	-4.76810E-3	310.39617E+0	0.00000E+0	0.00000E+0
-1.47000E+0	-4.76460E-3	308.52537E+0	0.00000E+0	0.00000E+0
-1.46000E+0	-4.76410E-3	306.45872E+0	0.00000E+0	0.00000E+0
-1.45000E+0	-4.76150E-3	304.52588E+0	0.00000E+0	0.00000E+0
-1.44000E+0	-4.76050E-3	302.48923E+0	0.00000E+0	0.00000E+0
-1.43000E+0	-4.75640E-3	300.64755E+0	0.00000E+0	0.00000E+0
-1.42000E+0	-4.75600E-3	298.57023E+0	0.00000E+0	0.00000E+0
-1.41000E+0	-4.75260E-3	296.67971E+0	0.00000E+0	0.00000E+0
-1.40000E+0	-4.75100E-3	294.67481E+0	0.00000E+0	0.00000E+0
-1.39000E+0	-4.75050E-3	292.60078E+0	0.00000E+0	0.00000E+0
-1.38000E+0	-4.74600E-3	290.77118E+0	0.00000E+0	0.00000E+0
-1.37000E+0	-4.74500E-3	288.72497E+0	0.00000E+0	0.00000E+0
-1.36000E+0	-4.74140E-3	286.83511E+0	0.00000E+0	0.00000E+0
-1.35000E+0	-4.74050E-3	284.78009E+0	0.00000E+0	0.00000E+0
-1.34000E+0	-4.73760E-3	282.84363E+0	0.00000E+0	0.00000E+0
-1.33000E+0	-4.73810E-3	280.70324E+0	0.00000E+0	0.00000E+0
-1.32000E+0	-4.73450E-3	278.80452E+0	0.00000E+0	0.00000E+0
-1.31000E+0	-4.73050E-3	276.92633E+0	0.00000E+0	0.00000E+0
-1.30000E+0	-4.73090E-3	274.78915E+0	0.00000E+0	0.00000E+0
-1.29000E+0	-4.72860E-3	272.80802E+0	0.00000E+0	0.00000E+0
-1.28000E+0	-4.72710E-3	270.77912E+0	0.00000E+0	0.00000E+0
-1.27000E+0	-4.72450E-3	268.81151E+0	0.00000E+0	0.00000E+0
-1.26000E+0	-4.72350E-3	266.75135E+0	0.00000E+0	0.00000E+0
-1.25000E+0	-4.72090E-3	264.78002E+0	0.00000E+0	0.00000E+0
-1.24000E+0	-4.71900E-3	262.76754E+0	0.00000E+0	0.00000E+0
-1.23000E+0	-4.71850E-3	260.67606E+0	0.00000E+0	0.00000E+0
-1.22000E+0	-4.71540E-3	258.72673E+0	0.00000E+0	0.00000E+0
-1.21000E+0	-4.71350E-3	256.70945E+0	0.00000E+0	0.00000E+0
-1.20000E+0	-4.71110E-3	254.71758E+0	0.00000E+0	0.00000E+0
-1.19000E+0	-4.71110E-3	252.59494E+0	0.00000E+0	0.00000E+0
-1.18000E+0	-4.70760E-3	250.65851E+0	0.00000E+0	0.00000E+0
-1.17000E+0	-4.70610E-3	248.61350E+0	0.00000E+0	0.00000E+0
-1.16000E+0	-4.70450E-3	246.57243E+0	0.00000E+0	0.00000E+0
-1.15000E+0	-4.70260E-3	244.54557E+0	0.00000E+0	0.00000E+0
-1.14000E+0	-4.70210E-3	242.44487E+0	0.00000E+0	0.00000E+0
-1.13000E+0	-4.69900E-3	240.47670E+0	0.00000E+0	0.00000E+0
-1.12000E+0	-4.69760E-3	238.41962E+0	0.00000E+0	0.00000E+0
-1.11000E+0	-4.69490E-3	236.42676E+0	0.00000E+0	0.00000E+0
-1.10000E+0	-4.69350E-3	234.36668E+0	0.00000E+0	0.00000E+0
-1.09000E+0	-4.69350E-3	232.23607E+0	0.00000E+0	0.00000E+0
-1.08000E+0	-4.68950E-3	230.30174E+0	0.00000E+0	0.00000E+0
-1.07000E+0	-4.69060E-3	228.11581E+0	0.00000E+0	0.00000E+0
-1.06000E+0	-4.68800E-3	226.10922E+0	0.00000E+0	0.00000E+0
-1.05000E+0	-4.68710E-3	224.01912E+0	0.00000E+0	0.00000E+0
-1.04000E+0	-4.68400E-3	222.03245E+0	0.00000E+0	0.00000E+0
-1.03000E+0	-4.68440E-3	219.87875E+0	0.00000E+0	0.00000E+0
-1.02000E+0	-4.68160E-3	217.87423E+0	0.00000E+0	0.00000E+0
-1.01000E+0	-4.67850E-3	215.88116E+0	0.00000E+0	0.00000E+0
-1.00000E+0	-4.67940E-3	213.70261E+0	0.00000E+0	0.00000E+0
-990.00000E-3	-4.67710E-3	211.66962E+0	0.00000E+0	0.00000E+0
-980.00000E-3	-4.67560E-3	209.59877E+0	0.00000E+0	0.00000E+0
-970.00000E-3	-4.67300E-3	207.57543E+0	0.00000E+0	0.00000E+0
-960.00000E-3	-4.67300E-3	205.43548E+0	0.00000E+0	0.00000E+0
-950.00000E-3	-4.67060E-3	203.39999E+0	0.00000E+0	0.00000E+0
-940.00000E-3	-4.67010E-3	201.28049E+0	0.00000E+0	0.00000E+0
-930.00000E-3	-4.67010E-3	199.13920E+0	0.00000E+0	0.00000E+0
-920.00000E-3	-4.66660E-3	197.14567E+0	0.00000E+0	0.00000E+0
-910.00000E-3	-4.66660E-3	195.00279E+0	0.00000E+0	0.00000E+0
-900.00000E-3	-4.66390E-3	192.97155E+0	0.00000E+0	0.00000E+0
-890.00000E-3	-4.66350E-3	190.84379E+0	0.00000E+0	0.00000E+0
-880.00000E-3	-4.66110E-3	188.79664E+0	0.00000E+0	0.00000E+0
-870.00000E-3	-4.66110E-3	186.65122E+0	0.00000E+0	0.00000E+0
-860.00000E-3	-4.65960E-3	184.56520E+0	0.00000E+0	0.00000E+0
-850.00000E-3	-4.65700E-3	182.52094E+0	0.00000E+0	0.00000E+0
-840.00000E-3	-4.65700E-3	180.37363E+0	0.00000E+0	0.00000E+0
-830.00000E-3	-4.65560E-3	178.27992E+0	0.00000E+0	0.00000E+0
-820.00000E-3	-4.65560E-3	176.13197E+0	0.00000E+0	0.00000E+0
-810.00000E-3	-4.65300E-3	174.08124E+0	0.00000E+0	0.00000E+0
-800.00000E-3	-4.65200E-3	171.96905E+0	0.00000E+0	0.00000E+0
-790.00000E-3	-4.65110E-3	169.85229E+0	0.00000E+0	0.00000E+0
-780.00000E-3	-4.64840E-3	167.79967E+0	0.00000E+0	0.00000E+0
-770.00000E-3	-4.64890E-3	165.63058E+0	0.00000E+0	0.00000E+0
-760.00000E-3	-4.64700E-3	163.54637E+0	0.00000E+0	0.00000E+0
-750.00000E-3	-4.64700E-3	161.39445E+0	0.00000E+0	0.00000E+0
-740.00000E-3	-4.64510E-3	159.30766E+0	0.00000E+0	0.00000E+0
-730.00000E-3	-4.64460E-3	157.17177E+0	0.00000E+0	0.00000E+0
-720.00000E-3	-4.64250E-3	155.08885E+0	0.00000E+0	0.00000E+0
-710.00000E-3	-4.64110E-3	152.98097E+0	0.00000E+0	0.00000E+0
-700.00000E-3	-4.64250E-3	150.78083E+0	0.00000E+0	0.00000E+0
-690.00000E-3	-4.63910E-3	148.73575E+0	0.00000E+0	0.00000E+0
-680.00000E-3	-4.63960E-3	146.56436E+0	0.00000E+0	0.00000E+0
-670.00000E-3	-4.63750E-3	144.47439E+0	0.00000E+0	0.00000E+0
-660.00000E-3	-4.63750E-3	142.31806E+0	0.00000E+0	0.00000E+0
-650.00000E-3	-4.63460E-3	140.24943E+0	0.00000E+0	0.00000E+0
-640.00000E-3	-4.63510E-3	138.07685E+0	0.00000E+0	0.00000E+0
-630.00000E-3	-4.63460E-3	135.93406E+0	0.00000E+0	0.00000E+0
-620.00000E-3	-4.63150E-3	133.86592E+0	0.00000E+0	0.00000E+0
-610.00000E-3	-4.63250E-3	131.67836E+0	0.00000E+0	0.00000E+0
-600.00000E-3	-4.63060E-3	129.57284E+0	0.00000E+0	0.00000E+0
-590.00000E-3	-4.63100E-3	127.40229E+0	0.00000E+0	0.00000E+0
-580.00000E-3	-4.62840E-3	125.31328E+0	0.00000E+0	0.00000E+0
-570.00000E-3	-4.62960E-3	123.12079E+0	0.00000E+0	0.00000E+0
-560.00000E-3	-4.62790E-3	121.00521E+0	0.00000E+0	0.00000E+0
-550.00000E-3	-4.62560E-3	118.90349E+0	0.00000E+0	0.00000E+0
-540.00000E-3	-4.62650E-3	116.71890E+0	0.00000E+0	0.00000E+0
-530.00000E-3	-4.62460E-3	114.60451E+0	0.00000E+0	0.00000E+0
-520.00000E-3	-4.62510E-3	112.43000E+0	0.00000E+0	0.00000E+0
-510.00000E-3	-4.62360E-3	110.30366E+0	0.00000E+0	0.00000E+0
-500.00000E-3	-4.62290E-3	108.15722E+0	0.00000E+0	0.00000E+0
-490.00000E-3	-4.62150E-3	106.02618E+0	0.00000E+0	0.00000E+0
-480.00000E-3	-4.62100E-3	103.87362E+0	0.00000E+0	0.00000E+0
-470.00000E-3	-4.62200E-3	101.68758E+0	0.00000E+0	0.00000E+0
-460.00000E-3	-4.61910E-3	99.58650E+0	0.00000E+0	0.00000E+0
-450.00000E-3	-4.62010E-3	97.40049E+0	0.00000E+0	0.00000E+0
-440.00000E-3	-4.61740E-3	95.29172E+0	0.00000E+0	0.00000E+0
-430.00000E-3	-4.61860E-3	93.10181E+0	0.00000E+0	0.00000E+0
-420.00000E-3	-4.61600E-3	90.98787E+0	0.00000E+0	0.00000E+0
-410.00000E-3	-4.61700E-3	88.80225E+0	0.00000E+0	0.00000E+0
-400.00000E-3	-4.61600E-3	86.65511E+0	0.00000E+0	0.00000E+0
-390.00000E-3	-4.61410E-3	84.52353E+0	0.00000E+0	0.00000E+0
-380.00000E-3	-4.61510E-3	82.33841E+0	0.00000E+0	0.00000E+0
-370.00000E-3	-4.61360E-3	80.19768E+0	0.00000E+0	0.00000E+0
-360.00000E-3	-4.61410E-3	78.02172E+0	0.00000E+0	0.00000E+0
-350.00000E-3	-4.61150E-3	75.89721E+0	0.00000E+0	0.00000E+0
-340.00000E-3	-4.61240E-3	73.71434E+0	0.00000E+0	0.00000E+0
-330.00000E-3	-4.61010E-3	71.58196E+0	0.00000E+0	0.00000E+0
-320.00000E-3	-4.61010E-3	69.41281E+0	0.00000E+0	0.00000E+0
-310.00000E-3	-4.61100E-3	67.23054E+0	0.00000E+0	0.00000E+0
-300.00000E-3	-4.60700E-3	65.11830E+0	0.00000E+0	0.00000E+0
-290.00000E-3	-4.60860E-3	62.92583E+0	0.00000E+0	0.00000E+0
-280.00000E-3	-4.60700E-3	60.77708E+0	0.00000E+0	0.00000E+0
-270.00000E-3	-4.60740E-3	58.60138E+0	0.00000E+0	0.00000E+0
-260.00000E-3	-4.60550E-3	56.45424E+0	0.00000E+0	0.00000E+0
-250.00000E-3	-4.60600E-3	54.27703E+0	0.00000E+0	0.00000E+0
-240.00000E-3	-4.60510E-3	52.11613E+0	0.00000E+0	0.00000E+0
-230.00000E-3	-4.60240E-3	49.97393E+0	0.00000E+0	0.00000E+0
-220.00000E-3	-4.60460E-3	47.77831E+0	0.00000E+0	0.00000E+0
-210.00000E-3	-4.60240E-3	45.62837E+0	0.00000E+0	0.00000E+0
-200.00000E-3	-4.60310E-3	43.44898E+0	0.00000E+0	0.00000E+0
-190.00000E-3	-4.60150E-3	41.29088E+0	0.00000E+0	0.00000E+0
-180.00000E-3	-4.60240E-3	39.11003E+0	0.00000E+0	0.00000E+0
-170.00000E-3	-4.60000E-3	36.95652E+0	0.00000E+0	0.00000E+0
-160.00000E-3	-4.59910E-3	34.78942E+0	0.00000E+0	0.00000E+0
-150.00000E-3	-4.60050E-3	32.60515E+0	0.00000E+0	0.00000E+0
-140.00000E-3	-4.59860E-3	30.44405E+0	0.00000E+0	0.00000E+0
-130.00000E-3	-4.59860E-3	28.26947E+0	0.00000E+0	0.00000E+0
-120.00000E-3	-4.59650E-3	26.10682E+0	0.00000E+0	0.00000E+0
-110.00000E-3	-4.59740E-3	23.92657E+0	0.00000E+0	0.00000E+0
-100.00000E-3	-4.59550E-3	21.76042E+0	0.00000E+0	0.00000E+0
-90.00000E-3	-4.59500E-3	19.58651E+0	0.00000E+0	0.00000E+0
-80.00000E-3	-4.59600E-3	17.40644E+0	0.00000E+0	0.00000E+0
-70.00000E-3	-4.59360E-3	15.23859E+0	0.00000E+0	0.00000E+0
-60.00000E-3	-4.59310E-3	13.06307E+0	0.00000E+0	0.00000E+0
-50.00000E-3	-4.59150E-3	10.88969E+0	0.00000E+0	0.00000E+0
-40.00000E-3	-4.59150E-3	8.71175E+0	0.00000E+0	0.00000E+0
-30.00000E-3	-4.58910E-3	6.53723E+0	0.00000E+0	0.00000E+0
-20.00000E-3	-4.58860E-3	4.35863E+0	0.00000E+0	0.00000E+0
-10.00000E-3	-4.58860E-3	2.17931E+0	0.00000E+0	0.00000E+0
0.00000E+0	-4.58500E-3	-0.00000E+0	0.00000E+0	0.00000E+0
10.00000E-3	-4.58500E-3	-2.18103E+0	0.00000E+0	0.00000E+0
20.00000E-3	-4.58140E-3	-4.36548E+0	0.00000E+0	0.00000E+0
30.00000E-3	-4.58100E-3	-6.54879E+0	0.00000E+0	0.00000E+0
40.00000E-3	-4.57640E-3	-8.74049E+0	0.00000E+0	0.00000E+0
50.00000E-3	-4.57500E-3	-10.92896E+0	0.00000E+0	0.00000E+0
60.00000E-3	-4.57220E-3	-13.12279E+0	0.00000E+0	0.00000E+0
70.00000E-3	-4.56600E-3	-15.33071E+0	0.00000E+0	0.00000E+0
80.00000E-3	-4.56450E-3	-17.52656E+0	0.00000E+0	0.00000E+0
90.00000E-3	-4.55900E-3	-19.74117E+0	0.00000E+0	0.00000E+0
100.00000E-3	-4.55500E-3	-21.95390E+0	0.00000E+0	0.00000E+0
110.00000E-3	-4.55000E-3	-24.17582E+0	0.00000E+0	0.00000E+0
120.00000E-3	-4.54590E-3	-26.39741E+0	0.00000E+0	0.00000E+0
130.00000E-3	-4.54000E-3	-28.63436E+0	0.00000E+0	0.00000E+0
140.00000E-3	-4.53210E-3	-30.89076E+0	0.00000E+0	0.00000E+0
150.00000E-3	-4.52850E-3	-33.12355E+0	0.00000E+0	0.00000E+0
160.00000E-3	-4.51990E-3	-35.39901E+0	0.00000E+0	0.00000E+0
170.00000E-3	-4.51450E-3	-37.65644E+0	0.00000E+0	0.00000E+0
180.00000E-3	-4.50490E-3	-39.95649E+0	0.00000E+0	0.00000E+0
190.00000E-3	-4.49940E-3	-42.22785E+0	0.00000E+0	0.00000E+0
200.00000E-3	-4.48940E-3	-44.54938E+0	0.00000E+0	0.00000E+0
210.00000E-3	-4.48010E-3	-46.87395E+0	0.00000E+0	0.00000E+0
220.00000E-3	-4.47150E-3	-49.20049E+0	0.00000E+0	0.00000E+0
230.00000E-3	-4.46010E-3	-51.56835E+0	0.00000E+0	0.00000E+0
240.00000E-3	-4.45010E-3	-53.93137E+0	0.00000E+0	0.00000E+0
250.00000E-3	-4.43740E-3	-56.33930E+0	0.00000E+0	0.00000E+0
260.00000E-3	-4.42600E-3	-58.74379E+0	0.00000E+0	0.00000E+0
270.00000E-3	-4.41050E-3	-61.21755E+0	0.00000E+0	0.00000E+0
280.00000E-3	-4.39690E-3	-63.68123E+0	0.00000E+0	0.00000E+0
290.00000E-3	-4.38000E-3	-66.21005E+0	0.00000E+0	0.00000E+0
300.00000E-3	-4.36000E-3	-68.80734E+0	0.00000E+0	0.00000E+0
310.00000E-3	-4.34210E-3	-71.39403E+0	0.00000E+0	0.00000E+0
320.00000E-3	-4.31850E-3	-74.09980E+0	0.00000E+0	0.00000E+0
330.00000E-3	-4.29460E-3	-76.84068E+0	0.00000E+0	0.00000E+0
340.00000E-3	-4.26360E-3	-79.74482E+0	0.00000E+0	0.00000E+0
350.00000E-3	-4.23190E-3	-82.70517E+0	0.00000E+0	0.00000E+0
360.00000E-3	-4.19260E-3	-85.86557E+0	0.00000E+0	0.00000E+0
370.00000E-3	-4.14710E-3	-89.21897E+0	0.00000E+0	0.00000E+0
380.00000E-3	-4.09510E-3	-92.79383E+0	0.00000E+0	0.00000E+0
390.00000E-3	-4.02900E-3	-96.79821E+0	0.00000E+0	0.00000E+0
400.00000E-3	-3.94960E-3	-101.27608E+0	0.00000E+0	0.00000E+0
410.00000E-3	-3.85000E-3	-106.49351E+0	0.00000E+0	0.00000E+0
420.00000E-3	-3.72850E-3	-112.64584E+0	0.00000E+0	0.00000E+0
430.00000E-3	-3.57010E-3	-120.44481E+0	0.00000E+0	0.00000E+0
440.00000E-3	-3.36850E-3	-130.62194E+0	0.00000E+0	0.00000E+0
450.00000E-3	-3.11400E-3	-144.50867E+0	0.00000E+0	0.00000E+0
460.00000E-3	-2.77950E-3	-165.49739E+0	0.00000E+0	0.00000E+0
470.00000E-3	-2.36250E-3	-198.94180E+0	0.00000E+0	0.00000E+0
480.00000E-3	-1.82950E-3	-262.36677E+0	0.00000E+0	0.00000E+0
490.00000E-3	-1.17250E-3	-417.91045E+0	0.00000E+0	0.00000E+0
500.00000E-3	-370.70000E-6	-1.34880E+3	0.00000E+0	0.00000E+0
510.00000E-3	585.35000E-6	871.27360E+0	0.00000E+0	0.00000E+0
520.00000E-3	1.68950E-3	307.78337E+0	0.00000E+0	0.00000E+0
530.00000E-3	2.94050E-3	180.24146E+0	0.00000E+0	0.00000E+0
540.00000E-3	4.35540E-3	123.98402E+0	0.00000E+0	0.00000E+0
550.00000E-3	5.88800E-3	93.41033E+0	0.00000E+0	0.00000E+0
560.00000E-3	7.54360E-3	74.23511E+0	0.00000E+0	0.00000E+0
570.00000E-3	9.33070E-3	61.08866E+0	0.00000E+0	0.00000E+0
580.00000E-3	10.00000E-3	58.00000E+0	0.00000E+0	1.00000E+0
590.00000E-3	10.00100E-3	58.99410E+0	0.00000E+0	1.00000E+0
600.00000E-3	10.00100E-3	59.99400E+0	0.00000E+0	1.00000E+0
610.00000E-3	10.00100E-3	60.99390E+0	0.00000E+0	1.00000E+0
620.00000E-3	10.00100E-3	61.99380E+0	0.00000E+0	1.00000E+0
630.00000E-3	10.00000E-3	63.00000E+0	0.00000E+0	1.00000E+0
640.00000E-3	10.00100E-3	63.99360E+0	0.00000E+0	1.00000E+0
650.00000E-3	10.00100E-3	64.99350E+0	0.00000E+0	1.00000E+0
660.00000E-3	10.00000E-3	66.00000E+0	0.00000E+0	1.00000E+0
670.00000E-3	10.00000E-3	67.00000E+0	0.00000E+0	1.00000E+0
680.00000E-3	10.00100E-3	67.99320E+0	0.00000E+0	1.00000E+0
690.00000E-3	10.00100E-3	68.99310E+0	0.00000E+0	1.00000E+0
700.00000E-3	10.00000E-3	70.00000E+0	0.00000E+0	1.00000E+0
710.00000E-3	10.00100E-3	70.99290E+0	0.00000E+0	1.00000E+0
720.00000E-3	10.00000E-3	72.00000E+0	0.00000E+0	1.00000E+0
730.00000E-3	10.00100E-3	72.99270E+0	0.00000E+0	1.00000E+0
740.00000E-3	10.00100E-3	73.99260E+0	0.00000E+0	1.00000E+0
750.00000E-3	10.00000E-3	75.00000E+0	0.00000E+0	1.00000E+0
760.00000E-3	10.00100E-3	75.99240E+0	0.00000E+0	1.00000E+0
770.00000E-3	10.00100E-3	76.99230E+0	0.00000E+0	1.00000E+0
780.00000E-3	10.00100E-3	77.99220E+0	0.00000E+0	1.00000E+0
790.00000E-3	10.00000E-3	79.00000E+0	0.00000E+0	1.00000E+0
800.00000E-3	10.00100E-3	79.99200E+0	0.00000E+0	1.00000E+0
810.00000E-3	10.00000E-3	81.00000E+0	0.00000E+0	1.00000E+0
820.00000E-3	10.00100E-3	81.99180E+0	0.00000E+0	1.00000E+0
830.00000E-3	10.00000E-3	83.00000E+0	0.00000E+0	1.00000E+0
840.00000E-3	10.00100E-3	83.99160E+0	0.00000E+0	1.00000E+0
850.00000E-3	10.00100E-3	84.99150E+0	0.00000E+0	1.00000E+0
860.00000E-3	10.00100E-3	85.99140E+0	0.00000E+0	1.00000E+0
870.00000E-3	10.00100E-3	86.99130E+0	0.00000E+0	1.00000E+0
880.00000E-3	10.00100E-3	87.99120E+0	0.00000E+0	1.00000E+0
890.00000E-3	10.00000E-3	89.00000E+0	0.00000E+0	1.00000E+0
900.00000E-3	10.00100E-3	89.99100E+0	0.00000E+0	1.00000E+0
910.00000E-3	10.00100E-3	90.99090E+0	0.00000E+0	1.00000E+0
920.00000E-3	10.00100E-3	91.99080E+0	0.00000E+0	1.00000E+0
930.00000E-3	10.00000E-3	93.00000E+0	0.00000E+0	1.00000E+0
940.00000E-3	10.00100E-3	93.99060E+0	0.00000E+0	1.00000E+0
950.00000E-3	10.00000E-3	95.00000E+0	0.00000E+0	1.00000E+0
960.00000E-3	10.00000E-3	96.00000E+0	0.00000E+0	1.00000E+0
970.00000E-3	10.00100E-3	96.99030E+0	0.00000E+0	1.00000E+0
980.00000E-3	10.00100E-3	97.99020E+0	0.00000E+0	1.00000E+0
990.00000E-3	10.00000E-3	99.00000E+0	0.00000E+0	1.00000E+0
1.00000E+0	10.00100E-3	99.99000E+0	0.00000E+0	1.00000E+0
1.01000E+0	10.00100E-3	100.98990E+0	0.00000E+0	1.00000E+0
1.02000E+0	10.00000E-3	102.00000E+0	0.00000E+0	1.00000E+0
1.03000E+0	10.00100E-3	102.98970E+0	0.00000E+0	1.00000E+0
1.04000E+0	10.00100E-3	103.98960E+0	0.00000E+0	1.00000E+0
1.05000E+0	10.00100E-3	104.98950E+0	0.00000E+0	1.00000E+0
1.06000E+0	10.00100E-3	105.98940E+0	0.00000E+0	1.00000E+0
1.07000E+0	10.00000E-3	107.00000E+0	0.00000E+0	1.00000E+0
1.08000E+0	10.00100E-3	107.98920E+0	0.00000E+0	1.00000E+0
1.09000E+0	10.00100E-3	108.98910E+0	0.00000E+0	1.00000E+0
1.10000E+0	10.00000E-3	110.00000E+0	0.00000E+0	1.00000E+0
1.11000E+0	10.00100E-3	110.98890E+0	0.00000E+0	1.00000E+0
1.12000E+0	10.00000E-3	112.00000E+0	0.00000E+0	1.00000E+0
1.13000E+0	10.00000E-3	113.00000E+0	0.00000E+0	1.00000E+0
1.14000E+0	10.00100E-3	113.98860E+0	0.00000E+0	1.00000E+0
1.15000E+0	10.00100E-3	114.98850E+0	0.00000E+0	1.00000E+0
1.16000E+0	10.00100E-3	115.98840E+0	0.00000E+0	1.00000E+0
1.17000E+0	10.00100E-3	116.98830E+0	0.00000E+0	1.00000E+0
1.18000E+0	10.00100E-3	117.98820E+0	0.00000E+0	1.00000E+0
1.19000E+0	10.00000E-3	119.00000E+0	0.00000E+0	1.00000E+0
1.20000E+0	10.00100E-3	119.98800E+0	0.00000E+0	1.00000E+0
1.21000E+0	10.00000E-3	121.00000E+0	0.00000E+0	1.00000E+0
1.22000E+0	10.00000E-3	122.00000E+0	0.00000E+0	1.00000E+0
1.23000E+0	10.00100E-3	122.98770E+0	0.00000E+0	1.00000E+0
1.24000E+0	10.00000E-3	124.00000E+0	0.00000E+0	1.00000E+0
1.25000E+0	10.00100E-3	124.98750E+0	0.00000E+0	1.00000E+0
1.26000E+0	10.00100E-3	125.98740E+0	0.00000E+0	1.00000E+0
1.27000E+0	10.00100E-3	126.98730E+0	0.00000E+0	1.00000E+0
1.28000E+0	10.00100E-3	127.98720E+0	0.00000E+0	1.00000E+0
1.29000E+0	10.00000E-3	129.00000E+0	0.00000E+0	1.00000E+0
1.30000E+0	10.00100E-3	129.98700E+0	0.00000E+0	1.00000E+0
1.31000E+0	10.00100E-3	130.98690E+0	0.00000E+0	1.00000E+0
1.32000E+0	10.00100E-3	131.98680E+0	0.00000E+0	1.00000E+0
1.33000E+0	10.00100E-3	132.98670E+0	0.00000E+0	1.00000E+0
1.34000E+0	10.00100E-3	133.98660E+0	0.00000E+0	1.00000E+0
1.35000E+0	10.00000E-3	135.00000E+0	0.00000E+0	1.00000E+0
1.36000E+0	10.00100E-3	135.98640E+0	0.00000E+0	1.00000E+0
1.37000E+0	10.00100E-3	136.98630E+0	0.00000E+0	1.00000E+0
1.38000E+0	10.00000E-3	138.00000E+0	0.00000E+0	1.00000E+0
1.39000E+0	10.00100E-3	138.98610E+0	0.00000E+0	1.00000E+0
1.40000E+0	10.00100E-3	139.98600E+0	0.00000E+0	1.00000E+0
1.41000E+0	10.00100E-3	140.98590E+0	0.00000E+0	1.00000E+0
1.42000E+0	10.00100E-3	141.98580E+0	0.00000E+0	1.00000E+0
1.43000E+0	10.00100E-3	142.98570E+0	0.00000E+0	1.00000E+0
1.44000E+0	10.00100E-3	143.98560E+0	0.00000E+0	1.00000E+0
1.45000E+0	10.00100E-3	144.98550E+0	0.00000E+0	1.00000E+0
1.46000E+0	10.00100E-3	145.98540E+0	0.00000E+0	1.00000E+0
1.47000E+0	10.00100E-3	146.98530E+0	0.00000E+0	1.00000E+0
1.48000E+0	10.00100E-3	147.98520E+0	0.00000E+0	1.00000E+0
1.49000E+0	10.00000E-3	149.00000E+0	0.00000E+0	1.00000E+0
1.50000E+0	10.00100E-3	149.98500E+0	0.00000E+0	1.00000E+0
