===========================================
MEDIDA DE VI V2.9
===========================================

DÍA: 05/11/2024
HORA INICIO: 15:49:10
HORA FINAL: 16:03:24
USUARIO: 
REF.MUESTRA: 
OBSERVACIONES: 
-------------------------------------
CONDICIONES DE MEDIDA:
SELECCIÓN DE SMU VI: HP4154B
TIEMPO DE INTEGRACIÓN VI: IT1 - SHORT
Límite de corriente (A): 1.000000E-1
-------------------------------------
Nº Ciclos de Medida: 1
Cambio de  cada ciclo: IDA
-------------------------------------
Nºmedida	VOLTAJE(volt.)	CORRIENTE(amp.)	IMPEDANCIA(ohm.)	TIEMPO(seg.)	LIMITE_I/V(0/1)

N1	V1	I1	Z1	T1	Lim1	
0.00000E+0	-2.00000E+0	-281.20000E-6	7.11238E+3	0.00000E+0	0.00000E+0
1.00000E+0	-1.99000E+0	-279.20000E-6	7.12751E+3	0.00000E+0	0.00000E+0
2.00000E+0	-1.98000E+0	-276.30000E-6	7.16612E+3	0.00000E+0	0.00000E+0
3.00000E+0	-1.97000E+0	-274.00000E-6	7.18978E+3	0.00000E+0	0.00000E+0
4.00000E+0	-1.96000E+0	-270.71000E-6	7.24022E+3	0.00000E+0	0.00000E+0
5.00000E+0	-1.95000E+0	-268.21000E-6	7.27042E+3	0.00000E+0	0.00000E+0
6.00000E+0	-1.94000E+0	-265.55000E-6	7.30559E+3	0.00000E+0	0.00000E+0
7.00000E+0	-1.93000E+0	-262.45000E-6	7.35378E+3	0.00000E+0	0.00000E+0
8.00000E+0	-1.92000E+0	-259.80000E-6	7.39030E+3	0.00000E+0	0.00000E+0
9.00000E+0	-1.91000E+0	-257.00000E-6	7.43191E+3	0.00000E+0	0.00000E+0
10.00000E+0	-1.90000E+0	-254.60000E-6	7.46269E+3	0.00000E+0	0.00000E+0
11.00000E+0	-1.89000E+0	-251.61000E-6	7.51163E+3	0.00000E+0	0.00000E+0
12.00000E+0	-1.88000E+0	-249.06000E-6	7.54838E+3	0.00000E+0	0.00000E+0
13.00000E+0	-1.87000E+0	-246.75000E-6	7.57852E+3	0.00000E+0	0.00000E+0
14.00000E+0	-1.86000E+0	-244.10000E-6	7.61983E+3	0.00000E+0	0.00000E+0
15.00000E+0	-1.85000E+0	-241.15000E-6	7.67157E+3	0.00000E+0	0.00000E+0
16.00000E+0	-1.84000E+0	-238.75000E-6	7.70681E+3	0.00000E+0	0.00000E+0
17.00000E+0	-1.83000E+0	-236.15000E-6	7.74931E+3	0.00000E+0	0.00000E+0
18.00000E+0	-1.82000E+0	-233.40000E-6	7.79777E+3	0.00000E+0	0.00000E+0
19.00000E+0	-1.81000E+0	-231.15000E-6	7.83041E+3	0.00000E+0	0.00000E+0
20.00000E+0	-1.80000E+0	-228.55000E-6	7.87574E+3	0.00000E+0	0.00000E+0
21.00000E+0	-1.79000E+0	-226.30000E-6	7.90985E+3	0.00000E+0	0.00000E+0
22.00000E+0	-1.78000E+0	-223.50000E-6	7.96421E+3	0.00000E+0	0.00000E+0
23.00000E+0	-1.77000E+0	-221.20000E-6	8.00181E+3	0.00000E+0	0.00000E+0
24.00000E+0	-1.76000E+0	-218.40000E-6	8.05861E+3	0.00000E+0	0.00000E+0
25.00000E+0	-1.75000E+0	-215.80000E-6	8.10936E+3	0.00000E+0	0.00000E+0
26.00000E+0	-1.74000E+0	-213.40000E-6	8.15370E+3	0.00000E+0	0.00000E+0
27.00000E+0	-1.73000E+0	-211.15000E-6	8.19323E+3	0.00000E+0	0.00000E+0
28.00000E+0	-1.72000E+0	-208.80000E-6	8.23755E+3	0.00000E+0	0.00000E+0
29.00000E+0	-1.71000E+0	-206.15000E-6	8.29493E+3	0.00000E+0	0.00000E+0
30.00000E+0	-1.70000E+0	-203.65000E-6	8.34766E+3	0.00000E+0	0.00000E+0
31.00000E+0	-1.69000E+0	-201.20000E-6	8.39960E+3	0.00000E+0	0.00000E+0
32.00000E+0	-1.68000E+0	-198.95000E-6	8.44433E+3	0.00000E+0	0.00000E+0
33.00000E+0	-1.67000E+0	-196.30000E-6	8.50739E+3	0.00000E+0	0.00000E+0
34.00000E+0	-1.66000E+0	-194.25000E-6	8.54569E+3	0.00000E+0	0.00000E+0
35.00000E+0	-1.65000E+0	-191.85000E-6	8.60047E+3	0.00000E+0	0.00000E+0
36.00000E+0	-1.64000E+0	-189.50000E-6	8.65435E+3	0.00000E+0	0.00000E+0
37.00000E+0	-1.63000E+0	-187.10000E-6	8.71192E+3	0.00000E+0	0.00000E+0
38.00000E+0	-1.62000E+0	-184.70000E-6	8.77098E+3	0.00000E+0	0.00000E+0
39.00000E+0	-1.61000E+0	-182.50000E-6	8.82192E+3	0.00000E+0	0.00000E+0
40.00000E+0	-1.60000E+0	-180.00000E-6	8.88889E+3	0.00000E+0	0.00000E+0
41.00000E+0	-1.59000E+0	-177.55000E-6	8.95522E+3	0.00000E+0	0.00000E+0
42.00000E+0	-1.58000E+0	-175.20000E-6	9.01826E+3	0.00000E+0	0.00000E+0
43.00000E+0	-1.57000E+0	-172.80000E-6	9.08565E+3	0.00000E+0	0.00000E+0
44.00000E+0	-1.56000E+0	-170.65000E-6	9.14152E+3	0.00000E+0	0.00000E+0
45.00000E+0	-1.55000E+0	-168.30000E-6	9.20974E+3	0.00000E+0	0.00000E+0
46.00000E+0	-1.54000E+0	-166.10000E-6	9.27152E+3	0.00000E+0	0.00000E+0
47.00000E+0	-1.53000E+0	-164.15000E-6	9.32074E+3	0.00000E+0	0.00000E+0
48.00000E+0	-1.52000E+0	-162.10000E-6	9.37693E+3	0.00000E+0	0.00000E+0
49.00000E+0	-1.51000E+0	-159.80000E-6	9.44931E+3	0.00000E+0	0.00000E+0
50.00000E+0	-1.50000E+0	-157.70000E-6	9.51173E+3	0.00000E+0	0.00000E+0
51.00000E+0	-1.49000E+0	-155.45000E-6	9.58508E+3	0.00000E+0	0.00000E+0
52.00000E+0	-1.48000E+0	-153.25000E-6	9.65742E+3	0.00000E+0	0.00000E+0
53.00000E+0	-1.47000E+0	-151.45000E-6	9.70617E+3	0.00000E+0	0.00000E+0
54.00000E+0	-1.46000E+0	-149.25000E-6	9.78224E+3	0.00000E+0	0.00000E+0
55.00000E+0	-1.45000E+0	-147.10000E-6	9.85724E+3	0.00000E+0	0.00000E+0
56.00000E+0	-1.44000E+0	-144.95000E-6	9.93446E+3	0.00000E+0	0.00000E+0
57.00000E+0	-1.43000E+0	-143.00000E-6	10.00000E+3	0.00000E+0	0.00000E+0
58.00000E+0	-1.42000E+0	-140.60000E-6	10.09957E+3	0.00000E+0	0.00000E+0
59.00000E+0	-1.41000E+0	-138.70000E-6	10.16583E+3	0.00000E+0	0.00000E+0
60.00000E+0	-1.40000E+0	-136.65000E-6	10.24515E+3	0.00000E+0	0.00000E+0
61.00000E+0	-1.39000E+0	-134.70000E-6	10.31923E+3	0.00000E+0	0.00000E+0
62.00000E+0	-1.38000E+0	-132.40000E-6	10.42296E+3	0.00000E+0	0.00000E+0
63.00000E+0	-1.37000E+0	-130.50000E-6	10.49808E+3	0.00000E+0	0.00000E+0
64.00000E+0	-1.36000E+0	-128.80000E-6	10.55901E+3	0.00000E+0	0.00000E+0
65.00000E+0	-1.35000E+0	-126.50000E-6	10.67194E+3	0.00000E+0	0.00000E+0
66.00000E+0	-1.34000E+0	-124.50000E-6	10.76305E+3	0.00000E+0	0.00000E+0
67.00000E+0	-1.33000E+0	-122.70000E-6	10.83945E+3	0.00000E+0	0.00000E+0
68.00000E+0	-1.32000E+0	-120.90000E-6	10.91811E+3	0.00000E+0	0.00000E+0
69.00000E+0	-1.31000E+0	-118.65000E-6	11.04088E+3	0.00000E+0	0.00000E+0
70.00000E+0	-1.30000E+0	-116.80000E-6	11.13014E+3	0.00000E+0	0.00000E+0
71.00000E+0	-1.29000E+0	-115.00000E-6	11.21739E+3	0.00000E+0	0.00000E+0
72.00000E+0	-1.28000E+0	-113.20000E-6	11.30742E+3	0.00000E+0	0.00000E+0
73.00000E+0	-1.27000E+0	-111.35000E-6	11.40548E+3	0.00000E+0	0.00000E+0
74.00000E+0	-1.26000E+0	-109.45000E-6	11.51211E+3	0.00000E+0	0.00000E+0
75.00000E+0	-1.25000E+0	-107.65000E-6	11.61170E+3	0.00000E+0	0.00000E+0
76.00000E+0	-1.24000E+0	-105.85000E-6	11.71469E+3	0.00000E+0	0.00000E+0
77.00000E+0	-1.23000E+0	-104.15000E-6	11.80989E+3	0.00000E+0	0.00000E+0
78.00000E+0	-1.22000E+0	-102.35000E-6	11.91988E+3	0.00000E+0	0.00000E+0
79.00000E+0	-1.21000E+0	-100.58000E-6	12.03022E+3	0.00000E+0	0.00000E+0
80.00000E+0	-1.20000E+0	-98.78300E-6	12.14784E+3	0.00000E+0	0.00000E+0
81.00000E+0	-1.19000E+0	-97.23000E-6	12.23902E+3	0.00000E+0	0.00000E+0
82.00000E+0	-1.18000E+0	-95.46400E-6	12.36068E+3	0.00000E+0	0.00000E+0
83.00000E+0	-1.17000E+0	-93.72100E-6	12.48386E+3	0.00000E+0	0.00000E+0
84.00000E+0	-1.16000E+0	-91.97700E-6	12.61185E+3	0.00000E+0	0.00000E+0
85.00000E+0	-1.15000E+0	-90.42000E-6	12.71843E+3	0.00000E+0	0.00000E+0
86.00000E+0	-1.14000E+0	-88.75900E-6	12.84377E+3	0.00000E+0	0.00000E+0
87.00000E+0	-1.13000E+0	-87.13100E-6	12.96898E+3	0.00000E+0	0.00000E+0
88.00000E+0	-1.12000E+0	-85.60400E-6	13.08350E+3	0.00000E+0	0.00000E+0
89.00000E+0	-1.11000E+0	-83.84500E-6	13.23871E+3	0.00000E+0	0.00000E+0
90.00000E+0	-1.10000E+0	-82.33200E-6	13.36054E+3	0.00000E+0	0.00000E+0
91.00000E+0	-1.09000E+0	-80.79800E-6	13.49043E+3	0.00000E+0	0.00000E+0
92.00000E+0	-1.08000E+0	-79.30800E-6	13.61779E+3	0.00000E+0	0.00000E+0
93.00000E+0	-1.07000E+0	-77.76500E-6	13.75940E+3	0.00000E+0	0.00000E+0
94.00000E+0	-1.06000E+0	-76.26000E-6	13.89982E+3	0.00000E+0	0.00000E+0
95.00000E+0	-1.05000E+0	-74.87500E-6	14.02337E+3	0.00000E+0	0.00000E+0
96.00000E+0	-1.04000E+0	-73.31400E-6	14.18556E+3	0.00000E+0	0.00000E+0
97.00000E+0	-1.03000E+0	-71.91300E-6	14.32286E+3	0.00000E+0	0.00000E+0
98.00000E+0	-1.02000E+0	-70.45300E-6	14.47774E+3	0.00000E+0	0.00000E+0
99.00000E+0	-1.01000E+0	-69.17900E-6	14.59981E+3	0.00000E+0	0.00000E+0
100.00000E+0	-1.00000E+0	-67.72900E-6	14.76472E+3	0.00000E+0	0.00000E+0
101.00000E+0	-990.00000E-3	-66.20600E-6	14.95333E+3	0.00000E+0	0.00000E+0
102.00000E+0	-980.00000E-3	-64.85000E-6	15.11180E+3	0.00000E+0	0.00000E+0
103.00000E+0	-970.00000E-3	-63.47500E-6	15.28161E+3	0.00000E+0	0.00000E+0
104.00000E+0	-960.00000E-3	-62.27600E-6	15.41525E+3	0.00000E+0	0.00000E+0
105.00000E+0	-950.00000E-3	-60.86900E-6	15.60729E+3	0.00000E+0	0.00000E+0
106.00000E+0	-940.00000E-3	-59.67400E-6	15.75225E+3	0.00000E+0	0.00000E+0
107.00000E+0	-930.00000E-3	-58.34900E-6	15.93858E+3	0.00000E+0	0.00000E+0
108.00000E+0	-920.00000E-3	-57.04900E-6	16.12649E+3	0.00000E+0	0.00000E+0
109.00000E+0	-910.00000E-3	-55.92000E-6	16.27325E+3	0.00000E+0	0.00000E+0
110.00000E+0	-900.00000E-3	-54.62900E-6	16.47477E+3	0.00000E+0	0.00000E+0
111.00000E+0	-890.00000E-3	-53.57900E-6	16.61099E+3	0.00000E+0	0.00000E+0
112.00000E+0	-880.00000E-3	-52.35000E-6	16.80993E+3	0.00000E+0	0.00000E+0
113.00000E+0	-870.00000E-3	-51.19500E-6	16.99385E+3	0.00000E+0	0.00000E+0
114.00000E+0	-860.00000E-3	-49.99500E-6	17.20172E+3	0.00000E+0	0.00000E+0
115.00000E+0	-850.00000E-3	-48.85000E-6	17.40020E+3	0.00000E+0	0.00000E+0
116.00000E+0	-840.00000E-3	-47.79400E-6	17.57543E+3	0.00000E+0	0.00000E+0
117.00000E+0	-830.00000E-3	-46.58500E-6	17.81689E+3	0.00000E+0	0.00000E+0
118.00000E+0	-820.00000E-3	-45.51400E-6	18.01643E+3	0.00000E+0	0.00000E+0
119.00000E+0	-810.00000E-3	-44.50400E-6	18.20061E+3	0.00000E+0	0.00000E+0
120.00000E+0	-800.00000E-3	-43.44400E-6	18.41451E+3	0.00000E+0	0.00000E+0
121.00000E+0	-790.00000E-3	-42.32500E-6	18.66509E+3	0.00000E+0	0.00000E+0
122.00000E+0	-780.00000E-3	-41.37500E-6	18.85196E+3	0.00000E+0	0.00000E+0
123.00000E+0	-770.00000E-3	-40.43400E-6	19.04338E+3	0.00000E+0	0.00000E+0
124.00000E+0	-760.00000E-3	-39.44900E-6	19.26538E+3	0.00000E+0	0.00000E+0
125.00000E+0	-750.00000E-3	-38.42400E-6	19.51905E+3	0.00000E+0	0.00000E+0
126.00000E+0	-740.00000E-3	-37.51900E-6	19.72334E+3	0.00000E+0	0.00000E+0
127.00000E+0	-730.00000E-3	-36.53900E-6	19.97865E+3	0.00000E+0	0.00000E+0
128.00000E+0	-720.00000E-3	-35.58400E-6	20.23381E+3	0.00000E+0	0.00000E+0
129.00000E+0	-710.00000E-3	-34.64500E-6	20.49358E+3	0.00000E+0	0.00000E+0
130.00000E+0	-700.00000E-3	-33.77900E-6	20.72293E+3	0.00000E+0	0.00000E+0
131.00000E+0	-690.00000E-3	-32.98900E-6	20.91606E+3	0.00000E+0	0.00000E+0
132.00000E+0	-680.00000E-3	-32.03400E-6	21.22745E+3	0.00000E+0	0.00000E+0
133.00000E+0	-670.00000E-3	-31.18400E-6	21.48538E+3	0.00000E+0	0.00000E+0
134.00000E+0	-660.00000E-3	-30.35900E-6	21.73985E+3	0.00000E+0	0.00000E+0
135.00000E+0	-650.00000E-3	-29.58400E-6	21.97134E+3	0.00000E+0	0.00000E+0
136.00000E+0	-640.00000E-3	-28.81000E-6	22.21451E+3	0.00000E+0	0.00000E+0
137.00000E+0	-630.00000E-3	-27.94400E-6	22.54509E+3	0.00000E+0	0.00000E+0
138.00000E+0	-620.00000E-3	-27.27900E-6	22.72811E+3	0.00000E+0	0.00000E+0
139.00000E+0	-610.00000E-3	-26.41000E-6	23.09731E+3	0.00000E+0	0.00000E+0
140.00000E+0	-600.00000E-3	-25.66000E-6	23.38270E+3	0.00000E+0	0.00000E+0
141.00000E+0	-590.00000E-3	-24.96500E-6	23.63309E+3	0.00000E+0	0.00000E+0
142.00000E+0	-580.00000E-3	-24.26500E-6	23.90274E+3	0.00000E+0	0.00000E+0
143.00000E+0	-570.00000E-3	-23.53000E-6	24.22439E+3	0.00000E+0	0.00000E+0
144.00000E+0	-560.00000E-3	-22.82500E-6	24.53450E+3	0.00000E+0	0.00000E+0
145.00000E+0	-550.00000E-3	-22.24000E-6	24.73022E+3	0.00000E+0	0.00000E+0
146.00000E+0	-540.00000E-3	-21.56500E-6	25.04058E+3	0.00000E+0	0.00000E+0
147.00000E+0	-530.00000E-3	-20.91000E-6	25.34672E+3	0.00000E+0	0.00000E+0
148.00000E+0	-520.00000E-3	-20.45000E-6	25.42787E+3	0.00000E+0	0.00000E+0
149.00000E+0	-510.00000E-3	-19.72000E-6	25.86207E+3	0.00000E+0	0.00000E+0
150.00000E+0	-500.00000E-3	-19.19000E-6	26.05524E+3	0.00000E+0	0.00000E+0
151.00000E+0	-490.00000E-3	-18.59500E-6	26.35117E+3	0.00000E+0	0.00000E+0
152.00000E+0	-480.00000E-3	-17.97500E-6	26.70376E+3	0.00000E+0	0.00000E+0
153.00000E+0	-470.00000E-3	-17.46000E-6	26.91867E+3	0.00000E+0	0.00000E+0
154.00000E+0	-460.00000E-3	-16.87500E-6	27.25926E+3	0.00000E+0	0.00000E+0
155.00000E+0	-450.00000E-3	-16.46000E-6	27.33900E+3	0.00000E+0	0.00000E+0
156.00000E+0	-440.00000E-3	-15.85500E-6	27.75150E+3	0.00000E+0	0.00000E+0
157.00000E+0	-430.00000E-3	-15.36500E-6	27.98568E+3	0.00000E+0	0.00000E+0
158.00000E+0	-420.00000E-3	-14.82000E-6	28.34008E+3	0.00000E+0	0.00000E+0
159.00000E+0	-410.00000E-3	-14.34500E-6	28.58139E+3	0.00000E+0	0.00000E+0
160.00000E+0	-400.00000E-3	-13.93000E-6	28.71500E+3	0.00000E+0	0.00000E+0
161.00000E+0	-390.00000E-3	-13.43000E-6	29.03946E+3	0.00000E+0	0.00000E+0
162.00000E+0	-380.00000E-3	-12.98500E-6	29.26454E+3	0.00000E+0	0.00000E+0
163.00000E+0	-370.00000E-3	-12.53500E-6	29.51735E+3	0.00000E+0	0.00000E+0
164.00000E+0	-360.00000E-3	-12.19500E-6	29.52030E+3	0.00000E+0	0.00000E+0
165.00000E+0	-350.00000E-3	-11.73000E-6	29.83802E+3	0.00000E+0	0.00000E+0
166.00000E+0	-340.00000E-3	-11.36500E-6	29.91641E+3	0.00000E+0	0.00000E+0
167.00000E+0	-330.00000E-3	-10.90500E-6	30.26135E+3	0.00000E+0	0.00000E+0
168.00000E+0	-320.00000E-3	-10.60000E-6	30.18868E+3	0.00000E+0	0.00000E+0
169.00000E+0	-310.00000E-3	-10.20000E-6	30.39216E+3	0.00000E+0	0.00000E+0
170.00000E+0	-300.00000E-3	-9.88040E-6	30.36314E+3	0.00000E+0	0.00000E+0
171.00000E+0	-290.00000E-3	-9.43850E-6	30.72522E+3	0.00000E+0	0.00000E+0
172.00000E+0	-280.00000E-3	-9.13160E-6	30.66275E+3	0.00000E+0	0.00000E+0
173.00000E+0	-270.00000E-3	-8.81780E-6	30.61988E+3	0.00000E+0	0.00000E+0
174.00000E+0	-260.00000E-3	-8.53740E-6	30.45424E+3	0.00000E+0	0.00000E+0
175.00000E+0	-250.00000E-3	-8.19430E-6	30.50901E+3	0.00000E+0	0.00000E+0
176.00000E+0	-240.00000E-3	-7.91810E-6	30.31030E+3	0.00000E+0	0.00000E+0
177.00000E+0	-230.00000E-3	-7.61240E-6	30.21386E+3	0.00000E+0	0.00000E+0
178.00000E+0	-220.00000E-3	-7.31690E-6	30.06738E+3	0.00000E+0	0.00000E+0
179.00000E+0	-210.00000E-3	-7.04730E-6	29.79865E+3	0.00000E+0	0.00000E+0
180.00000E+0	-200.00000E-3	-6.68600E-6	29.91325E+3	0.00000E+0	0.00000E+0
181.00000E+0	-190.00000E-3	-6.51000E-6	29.18587E+3	0.00000E+0	0.00000E+0
182.00000E+0	-180.00000E-3	-6.20010E-6	29.03179E+3	0.00000E+0	0.00000E+0
183.00000E+0	-170.00000E-3	-5.95790E-6	28.53354E+3	0.00000E+0	0.00000E+0
184.00000E+0	-160.00000E-3	-5.69640E-6	28.08792E+3	0.00000E+0	0.00000E+0
185.00000E+0	-150.00000E-3	-5.38700E-6	27.84481E+3	0.00000E+0	0.00000E+0
186.00000E+0	-140.00000E-3	-5.17190E-6	27.06936E+3	0.00000E+0	0.00000E+0
187.00000E+0	-130.00000E-3	-4.88290E-6	26.62352E+3	0.00000E+0	0.00000E+0
188.00000E+0	-120.00000E-3	-4.67500E-6	25.66845E+3	0.00000E+0	0.00000E+0
189.00000E+0	-110.00000E-3	-4.38350E-6	25.09410E+3	0.00000E+0	0.00000E+0
190.00000E+0	-100.00000E-3	-4.14740E-6	24.11149E+3	0.00000E+0	0.00000E+0
191.00000E+0	-90.00000E-3	-3.87550E-6	23.22281E+3	0.00000E+0	0.00000E+0
192.00000E+0	-80.00000E-3	-3.56150E-6	22.46245E+3	0.00000E+0	0.00000E+0
193.00000E+0	-70.00000E-3	-3.34040E-6	20.95557E+3	0.00000E+0	0.00000E+0
194.00000E+0	-60.00000E-3	-2.99440E-6	20.03740E+3	0.00000E+0	0.00000E+0
195.00000E+0	-50.00000E-3	-2.67650E-6	18.68111E+3	0.00000E+0	0.00000E+0
196.00000E+0	-40.00000E-3	-2.25040E-6	17.77462E+3	0.00000E+0	0.00000E+0
197.00000E+0	-30.00000E-3	-1.78650E-6	16.79261E+3	0.00000E+0	0.00000E+0
198.00000E+0	-20.00000E-3	-1.31900E-6	15.16300E+3	0.00000E+0	0.00000E+0
199.00000E+0	-10.00000E-3	-652.59000E-9	15.32356E+3	0.00000E+0	0.00000E+0
200.00000E+0	0.00000E+0	172.64000E-9	0.00000E+0	0.00000E+0	0.00000E+0
201.00000E+0	10.00000E-3	916.25000E-9	10.91405E+3	0.00000E+0	0.00000E+0
202.00000E+0	20.00000E-3	2.04750E-6	9.76801E+3	0.00000E+0	0.00000E+0
203.00000E+0	30.00000E-3	3.37390E-6	8.89179E+3	0.00000E+0	0.00000E+0
204.00000E+0	40.00000E-3	4.93000E-6	8.11359E+3	0.00000E+0	0.00000E+0
205.00000E+0	50.00000E-3	6.80980E-6	7.34236E+3	0.00000E+0	0.00000E+0
206.00000E+0	60.00000E-3	8.89000E-6	6.74916E+3	0.00000E+0	0.00000E+0
207.00000E+0	70.00000E-3	11.37000E-6	6.15655E+3	0.00000E+0	0.00000E+0
208.00000E+0	80.00000E-3	14.13000E-6	5.66171E+3	0.00000E+0	0.00000E+0
209.00000E+0	90.00000E-3	17.20500E-6	5.23104E+3	0.00000E+0	0.00000E+0
210.00000E+0	100.00000E-3	20.53000E-6	4.87092E+3	0.00000E+0	0.00000E+0
211.00000E+0	110.00000E-3	24.25000E-6	4.53608E+3	0.00000E+0	0.00000E+0
212.00000E+0	120.00000E-3	28.22900E-6	4.25095E+3	0.00000E+0	0.00000E+0
213.00000E+0	130.00000E-3	32.49400E-6	4.00074E+3	0.00000E+0	0.00000E+0
214.00000E+0	140.00000E-3	37.05000E-6	3.77868E+3	0.00000E+0	0.00000E+0
215.00000E+0	150.00000E-3	41.88900E-6	3.58089E+3	0.00000E+0	0.00000E+0
216.00000E+0	160.00000E-3	47.11000E-6	3.39631E+3	0.00000E+0	0.00000E+0
217.00000E+0	170.00000E-3	52.54900E-6	3.23508E+3	0.00000E+0	0.00000E+0
218.00000E+0	180.00000E-3	58.40900E-6	3.08172E+3	0.00000E+0	0.00000E+0
219.00000E+0	190.00000E-3	64.55900E-6	2.94304E+3	0.00000E+0	0.00000E+0
220.00000E+0	200.00000E-3	71.20500E-6	2.80879E+3	0.00000E+0	0.00000E+0
221.00000E+0	210.00000E-3	78.20500E-6	2.68525E+3	0.00000E+0	0.00000E+0
222.00000E+0	220.00000E-3	85.61500E-6	2.56964E+3	0.00000E+0	0.00000E+0
223.00000E+0	230.00000E-3	93.63900E-6	2.45624E+3	0.00000E+0	0.00000E+0
224.00000E+0	240.00000E-3	102.12000E-6	2.35018E+3	0.00000E+0	0.00000E+0
225.00000E+0	250.00000E-3	111.65000E-6	2.23914E+3	0.00000E+0	0.00000E+0
226.00000E+0	260.00000E-3	121.50000E-6	2.13992E+3	0.00000E+0	0.00000E+0
227.00000E+0	270.00000E-3	132.20000E-6	2.04236E+3	0.00000E+0	0.00000E+0
228.00000E+0	280.00000E-3	143.95000E-6	1.94512E+3	0.00000E+0	0.00000E+0
229.00000E+0	290.00000E-3	156.45000E-6	1.85363E+3	0.00000E+0	0.00000E+0
230.00000E+0	300.00000E-3	170.55000E-6	1.75901E+3	0.00000E+0	0.00000E+0
231.00000E+0	310.00000E-3	185.75000E-6	1.66891E+3	0.00000E+0	0.00000E+0
232.00000E+0	320.00000E-3	203.10000E-6	1.57558E+3	0.00000E+0	0.00000E+0
233.00000E+0	330.00000E-3	222.30000E-6	1.48448E+3	0.00000E+0	0.00000E+0
234.00000E+0	340.00000E-3	243.90000E-6	1.39401E+3	0.00000E+0	0.00000E+0
235.00000E+0	350.00000E-3	269.05000E-6	1.30087E+3	0.00000E+0	0.00000E+0
236.00000E+0	360.00000E-3	298.01000E-6	1.20801E+3	0.00000E+0	0.00000E+0
237.00000E+0	370.00000E-3	331.76000E-6	1.11526E+3	0.00000E+0	0.00000E+0
238.00000E+0	380.00000E-3	371.80000E-6	1.02205E+3	0.00000E+0	0.00000E+0
239.00000E+0	390.00000E-3	419.75000E-6	929.12448E+0	0.00000E+0	0.00000E+0
240.00000E+0	400.00000E-3	478.70000E-6	835.59641E+0	0.00000E+0	0.00000E+0
241.00000E+0	410.00000E-3	550.81000E-6	744.35831E+0	0.00000E+0	0.00000E+0
242.00000E+0	420.00000E-3	641.47000E-6	654.74613E+0	0.00000E+0	0.00000E+0
243.00000E+0	430.00000E-3	755.76000E-6	568.96369E+0	0.00000E+0	0.00000E+0
244.00000E+0	440.00000E-3	905.75000E-6	485.78526E+0	0.00000E+0	0.00000E+0
245.00000E+0	450.00000E-3	1.10250E-3	408.16327E+0	0.00000E+0	0.00000E+0
246.00000E+0	460.00000E-3	1.35350E-3	339.85962E+0	0.00000E+0	0.00000E+0
247.00000E+0	470.00000E-3	1.68700E-3	278.60107E+0	0.00000E+0	0.00000E+0
248.00000E+0	480.00000E-3	2.11850E-3	226.57541E+0	0.00000E+0	0.00000E+0
249.00000E+0	490.00000E-3	2.68050E-3	182.80172E+0	0.00000E+0	0.00000E+0
250.00000E+0	500.00000E-3	3.40500E-3	146.84288E+0	0.00000E+0	0.00000E+0
251.00000E+0	510.00000E-3	4.30940E-3	118.34594E+0	0.00000E+0	0.00000E+0
252.00000E+0	520.00000E-3	5.43000E-3	95.76427E+0	0.00000E+0	0.00000E+0
253.00000E+0	530.00000E-3	6.77390E-3	78.24149E+0	0.00000E+0	0.00000E+0
254.00000E+0	540.00000E-3	8.36130E-3	64.58326E+0	0.00000E+0	0.00000E+0
255.00000E+0	550.00000E-3	10.18600E-3	53.99568E+0	0.00000E+0	0.00000E+0
256.00000E+0	560.00000E-3	12.26000E-3	45.67700E+0	0.00000E+0	0.00000E+0
257.00000E+0	570.00000E-3	14.52000E-3	39.25620E+0	0.00000E+0	0.00000E+0
258.00000E+0	580.00000E-3	16.96500E-3	34.18803E+0	0.00000E+0	0.00000E+0
259.00000E+0	590.00000E-3	19.58000E-3	30.13279E+0	0.00000E+0	0.00000E+0
260.00000E+0	600.00000E-3	22.36600E-3	26.82643E+0	0.00000E+0	0.00000E+0
261.00000E+0	610.00000E-3	25.25000E-3	24.15842E+0	0.00000E+0	0.00000E+0
262.00000E+0	620.00000E-3	28.27000E-3	21.93138E+0	0.00000E+0	0.00000E+0
263.00000E+0	630.00000E-3	31.42500E-3	20.04773E+0	0.00000E+0	0.00000E+0
264.00000E+0	640.00000E-3	34.63600E-3	18.47788E+0	0.00000E+0	0.00000E+0
265.00000E+0	650.00000E-3	37.95100E-3	17.12735E+0	0.00000E+0	0.00000E+0
266.00000E+0	660.00000E-3	41.31500E-3	15.97483E+0	0.00000E+0	0.00000E+0
267.00000E+0	670.00000E-3	44.77100E-3	14.96504E+0	0.00000E+0	0.00000E+0
268.00000E+0	680.00000E-3	48.26500E-3	14.08888E+0	0.00000E+0	0.00000E+0
269.00000E+0	690.00000E-3	51.84000E-3	13.31019E+0	0.00000E+0	0.00000E+0
270.00000E+0	700.00000E-3	55.42000E-3	12.63082E+0	0.00000E+0	0.00000E+0
271.00000E+0	710.00000E-3	59.09000E-3	12.01557E+0	0.00000E+0	0.00000E+0
272.00000E+0	720.00000E-3	62.76700E-3	11.47100E+0	0.00000E+0	0.00000E+0
273.00000E+0	730.00000E-3	66.50200E-3	10.97711E+0	0.00000E+0	0.00000E+0
274.00000E+0	740.00000E-3	70.26700E-3	10.53126E+0	0.00000E+0	0.00000E+0
275.00000E+0	750.00000E-3	74.01700E-3	10.13281E+0	0.00000E+0	0.00000E+0
276.00000E+0	760.00000E-3	77.86600E-3	9.76036E+0	0.00000E+0	0.00000E+0
277.00000E+0	770.00000E-3	81.69200E-3	9.42565E+0	0.00000E+0	0.00000E+0
278.00000E+0	780.00000E-3	85.56800E-3	9.11556E+0	0.00000E+0	0.00000E+0
279.00000E+0	790.00000E-3	89.43600E-3	8.83313E+0	0.00000E+0	0.00000E+0
280.00000E+0	800.00000E-3	93.36500E-3	8.56852E+0	0.00000E+0	0.00000E+0
281.00000E+0	810.00000E-3	97.28600E-3	8.32597E+0	0.00000E+0	0.00000E+0
282.00000E+0	820.00000E-3	99.98700E-3	8.20107E+0	0.00000E+0	0.00000E+0
283.00000E+0	830.00000E-3	99.99100E-3	8.30075E+0	0.00000E+0	0.00000E+0
284.00000E+0	840.00000E-3	99.98700E-3	8.40109E+0	0.00000E+0	0.00000E+0
285.00000E+0	850.00000E-3	99.98700E-3	8.50111E+0	0.00000E+0	0.00000E+0
286.00000E+0	860.00000E-3	99.98700E-3	8.60112E+0	0.00000E+0	0.00000E+0
287.00000E+0	870.00000E-3	99.98700E-3	8.70113E+0	0.00000E+0	0.00000E+0
288.00000E+0	880.00000E-3	99.98700E-3	8.80114E+0	0.00000E+0	0.00000E+0
289.00000E+0	890.00000E-3	99.98700E-3	8.90116E+0	0.00000E+0	0.00000E+0
290.00000E+0	900.00000E-3	99.98700E-3	9.00117E+0	0.00000E+0	0.00000E+0
291.00000E+0	910.00000E-3	99.98700E-3	9.10118E+0	0.00000E+0	0.00000E+0
292.00000E+0	920.00000E-3	99.98700E-3	9.20120E+0	0.00000E+0	0.00000E+0
293.00000E+0	930.00000E-3	99.98700E-3	9.30121E+0	0.00000E+0	0.00000E+0
294.00000E+0	940.00000E-3	99.98700E-3	9.40122E+0	0.00000E+0	0.00000E+0
295.00000E+0	950.00000E-3	99.98700E-3	9.50124E+0	0.00000E+0	0.00000E+0
296.00000E+0	960.00000E-3	99.98700E-3	9.60125E+0	0.00000E+0	0.00000E+0
297.00000E+0	970.00000E-3	99.98700E-3	9.70126E+0	0.00000E+0	0.00000E+0
298.00000E+0	980.00000E-3	99.98700E-3	9.80127E+0	0.00000E+0	0.00000E+0
299.00000E+0	990.00000E-3	99.98700E-3	9.90129E+0	0.00000E+0	0.00000E+0
300.00000E+0	1.00000E+0	99.98700E-3	10.00130E+0	0.00000E+0	0.00000E+0
301.00000E+0	1.01000E+0	99.98700E-3	10.10131E+0	0.00000E+0	0.00000E+0
302.00000E+0	1.02000E+0	99.98700E-3	10.20133E+0	0.00000E+0	0.00000E+0
303.00000E+0	1.03000E+0	99.98700E-3	10.30134E+0	0.00000E+0	0.00000E+0
304.00000E+0	1.04000E+0	99.98700E-3	10.40135E+0	0.00000E+0	0.00000E+0
305.00000E+0	1.05000E+0	99.98700E-3	10.50137E+0	0.00000E+0	0.00000E+0
306.00000E+0	1.06000E+0	99.98700E-3	10.60138E+0	0.00000E+0	0.00000E+0
307.00000E+0	1.07000E+0	99.98700E-3	10.70139E+0	0.00000E+0	0.00000E+0
308.00000E+0	1.08000E+0	99.98700E-3	10.80140E+0	0.00000E+0	0.00000E+0
309.00000E+0	1.09000E+0	99.98700E-3	10.90142E+0	0.00000E+0	0.00000E+0
310.00000E+0	1.10000E+0	99.98700E-3	11.00143E+0	0.00000E+0	0.00000E+0
311.00000E+0	1.11000E+0	99.98700E-3	11.10144E+0	0.00000E+0	0.00000E+0
312.00000E+0	1.12000E+0	99.98700E-3	11.20146E+0	0.00000E+0	0.00000E+0
313.00000E+0	1.13000E+0	99.98700E-3	11.30147E+0	0.00000E+0	0.00000E+0
314.00000E+0	1.14000E+0	99.98700E-3	11.40148E+0	0.00000E+0	0.00000E+0
315.00000E+0	1.15000E+0	99.98700E-3	11.50150E+0	0.00000E+0	0.00000E+0
316.00000E+0	1.16000E+0	99.98700E-3	11.60151E+0	0.00000E+0	0.00000E+0
317.00000E+0	1.17000E+0	99.98700E-3	11.70152E+0	0.00000E+0	0.00000E+0
318.00000E+0	1.18000E+0	99.99100E-3	11.80106E+0	0.00000E+0	0.00000E+0
319.00000E+0	1.19000E+0	99.98700E-3	11.90155E+0	0.00000E+0	0.00000E+0
320.00000E+0	1.20000E+0	99.99100E-3	12.00108E+0	0.00000E+0	0.00000E+0
321.00000E+0	1.21000E+0	99.98700E-3	12.10157E+0	0.00000E+0	0.00000E+0
322.00000E+0	1.22000E+0	99.98700E-3	12.20159E+0	0.00000E+0	0.00000E+0
323.00000E+0	1.23000E+0	99.98700E-3	12.30160E+0	0.00000E+0	0.00000E+0
324.00000E+0	1.24000E+0	99.98700E-3	12.40161E+0	0.00000E+0	0.00000E+0
325.00000E+0	1.25000E+0	99.98700E-3	12.50163E+0	0.00000E+0	0.00000E+0
326.00000E+0	1.26000E+0	99.98700E-3	12.60164E+0	0.00000E+0	0.00000E+0
327.00000E+0	1.27000E+0	99.98700E-3	12.70165E+0	0.00000E+0	0.00000E+0
328.00000E+0	1.28000E+0	99.98700E-3	12.80166E+0	0.00000E+0	0.00000E+0
329.00000E+0	1.29000E+0	99.98700E-3	12.90168E+0	0.00000E+0	0.00000E+0
330.00000E+0	1.30000E+0	99.98700E-3	13.00169E+0	0.00000E+0	0.00000E+0
331.00000E+0	1.31000E+0	99.99100E-3	13.10118E+0	0.00000E+0	0.00000E+0
332.00000E+0	1.32000E+0	99.98700E-3	13.20172E+0	0.00000E+0	0.00000E+0
333.00000E+0	1.33000E+0	99.98700E-3	13.30173E+0	0.00000E+0	0.00000E+0
334.00000E+0	1.34000E+0	99.98700E-3	13.40174E+0	0.00000E+0	0.00000E+0
335.00000E+0	1.35000E+0	99.98700E-3	13.50176E+0	0.00000E+0	0.00000E+0
336.00000E+0	1.36000E+0	99.98700E-3	13.60177E+0	0.00000E+0	0.00000E+0
337.00000E+0	1.37000E+0	99.98700E-3	13.70178E+0	0.00000E+0	0.00000E+0
338.00000E+0	1.38000E+0	99.99100E-3	13.80124E+0	0.00000E+0	0.00000E+0
339.00000E+0	1.39000E+0	99.98700E-3	13.90181E+0	0.00000E+0	0.00000E+0
340.00000E+0	1.40000E+0	99.98700E-3	14.00182E+0	0.00000E+0	0.00000E+0
341.00000E+0	1.41000E+0	99.98700E-3	14.10183E+0	0.00000E+0	0.00000E+0
342.00000E+0	1.42000E+0	99.98700E-3	14.20185E+0	0.00000E+0	0.00000E+0
343.00000E+0	1.43000E+0	99.98700E-3	14.30186E+0	0.00000E+0	0.00000E+0
344.00000E+0	1.44000E+0	99.98700E-3	14.40187E+0	0.00000E+0	0.00000E+0
345.00000E+0	1.45000E+0	99.98700E-3	14.50189E+0	0.00000E+0	0.00000E+0
346.00000E+0	1.46000E+0	99.98700E-3	14.60190E+0	0.00000E+0	0.00000E+0
347.00000E+0	1.47000E+0	99.99100E-3	14.70132E+0	0.00000E+0	0.00000E+0
348.00000E+0	1.48000E+0	99.98700E-3	14.80192E+0	0.00000E+0	0.00000E+0
349.00000E+0	1.49000E+0	99.98700E-3	14.90194E+0	0.00000E+0	0.00000E+0
350.00000E+0	1.50000E+0	99.98700E-3	15.00195E+0	0.00000E+0	0.00000E+0
