===========================================
MEDIDA DE VI V2.9
===========================================

DÍA: 05/11/2024
HORA INICIO: 16:55:56
HORA FINAL: 17:03:29
USUARIO: 
REF.MUESTRA: 
OBSERVACIONES: 
-------------------------------------
CONDICIONES DE MEDIDA:
SELECCIÓN DE SMU VI: HP4154B
TIEMPO DE INTEGRACIÓN VI: IT1 - SHORT
Límite de corriente (A): 1.000000E-1
-------------------------------------
Nº Ciclos de Medida: 1
Cambio de  cada ciclo: IDA
-------------------------------------
Nºmedida	VOLTAJE(volt.)	CORRIENTE(amp.)	IMPEDANCIA(ohm.)	TIEMPO(seg.)	LIMITE_I/V(0/1)

N1	V1	I1	Z1	T1	Lim1	
0.00000E+0	-2.00000E+0	-7.63460E-3	261.96526E+0	0.00000E+0	0.00000E+0
1.00000E+0	-1.99000E+0	-7.63150E-3	260.76132E+0	0.00000E+0	0.00000E+0
2.00000E+0	-1.98000E+0	-7.62840E-3	259.55639E+0	0.00000E+0	0.00000E+0
3.00000E+0	-1.97000E+0	-7.62510E-3	258.35727E+0	0.00000E+0	0.00000E+0
4.00000E+0	-1.96000E+0	-7.62300E-3	257.11662E+0	0.00000E+0	0.00000E+0
5.00000E+0	-1.95000E+0	-7.62010E-3	255.90215E+0	0.00000E+0	0.00000E+0
6.00000E+0	-1.94000E+0	-7.61650E-3	254.71017E+0	0.00000E+0	0.00000E+0
7.00000E+0	-1.93000E+0	-7.61370E-3	253.49042E+0	0.00000E+0	0.00000E+0
8.00000E+0	-1.92000E+0	-7.61060E-3	252.27972E+0	0.00000E+0	0.00000E+0
9.00000E+0	-1.91000E+0	-7.60820E-3	251.04493E+0	0.00000E+0	0.00000E+0
10.00000E+0	-1.90000E+0	-7.60560E-3	249.81593E+0	0.00000E+0	0.00000E+0
11.00000E+0	-1.89000E+0	-7.60360E-3	248.56647E+0	0.00000E+0	0.00000E+0
12.00000E+0	-1.88000E+0	-7.60050E-3	247.35215E+0	0.00000E+0	0.00000E+0
13.00000E+0	-1.87000E+0	-7.59740E-3	246.13684E+0	0.00000E+0	0.00000E+0
14.00000E+0	-1.86000E+0	-7.59460E-3	244.91086E+0	0.00000E+0	0.00000E+0
15.00000E+0	-1.85000E+0	-7.59240E-3	243.66472E+0	0.00000E+0	0.00000E+0
16.00000E+0	-1.84000E+0	-7.59010E-3	242.42105E+0	0.00000E+0	0.00000E+0
17.00000E+0	-1.83000E+0	-7.58600E-3	241.23385E+0	0.00000E+0	0.00000E+0
18.00000E+0	-1.82000E+0	-7.58460E-3	239.95992E+0	0.00000E+0	0.00000E+0
19.00000E+0	-1.81000E+0	-7.58150E-3	238.73904E+0	0.00000E+0	0.00000E+0
20.00000E+0	-1.80000E+0	-7.57860E-3	237.51089E+0	0.00000E+0	0.00000E+0
21.00000E+0	-1.79000E+0	-7.57600E-3	236.27244E+0	0.00000E+0	0.00000E+0
22.00000E+0	-1.78000E+0	-7.57360E-3	235.02694E+0	0.00000E+0	0.00000E+0
23.00000E+0	-1.77000E+0	-7.57100E-3	233.78682E+0	0.00000E+0	0.00000E+0
24.00000E+0	-1.76000E+0	-7.56810E-3	232.55507E+0	0.00000E+0	0.00000E+0
25.00000E+0	-1.75000E+0	-7.56550E-3	231.31320E+0	0.00000E+0	0.00000E+0
26.00000E+0	-1.74000E+0	-7.56360E-3	230.04918E+0	0.00000E+0	0.00000E+0
27.00000E+0	-1.73000E+0	-7.56000E-3	228.83598E+0	0.00000E+0	0.00000E+0
28.00000E+0	-1.72000E+0	-7.55810E-3	227.57042E+0	0.00000E+0	0.00000E+0
29.00000E+0	-1.71000E+0	-7.55550E-3	226.32519E+0	0.00000E+0	0.00000E+0
30.00000E+0	-1.70000E+0	-7.55260E-3	225.08805E+0	0.00000E+0	0.00000E+0
31.00000E+0	-1.69000E+0	-7.55000E-3	223.84106E+0	0.00000E+0	0.00000E+0
32.00000E+0	-1.68000E+0	-7.54810E-3	222.57257E+0	0.00000E+0	0.00000E+0
33.00000E+0	-1.67000E+0	-7.54500E-3	221.33863E+0	0.00000E+0	0.00000E+0
34.00000E+0	-1.66000E+0	-7.54260E-3	220.08326E+0	0.00000E+0	0.00000E+0
35.00000E+0	-1.65000E+0	-7.54050E-3	218.81838E+0	0.00000E+0	0.00000E+0
36.00000E+0	-1.64000E+0	-7.53760E-3	217.57589E+0	0.00000E+0	0.00000E+0
37.00000E+0	-1.63000E+0	-7.53540E-3	216.31234E+0	0.00000E+0	0.00000E+0
38.00000E+0	-1.62000E+0	-7.53260E-3	215.06518E+0	0.00000E+0	0.00000E+0
39.00000E+0	-1.61000E+0	-7.53040E-3	213.80006E+0	0.00000E+0	0.00000E+0
40.00000E+0	-1.60000E+0	-7.52760E-3	212.55115E+0	0.00000E+0	0.00000E+0
41.00000E+0	-1.59000E+0	-7.52540E-3	211.28445E+0	0.00000E+0	0.00000E+0
42.00000E+0	-1.58000E+0	-7.52310E-3	210.01981E+0	0.00000E+0	0.00000E+0
43.00000E+0	-1.57000E+0	-7.52000E-3	208.77660E+0	0.00000E+0	0.00000E+0
44.00000E+0	-1.56000E+0	-7.51810E-3	207.49924E+0	0.00000E+0	0.00000E+0
45.00000E+0	-1.55000E+0	-7.51500E-3	206.25416E+0	0.00000E+0	0.00000E+0
46.00000E+0	-1.54000E+0	-7.51300E-3	204.97804E+0	0.00000E+0	0.00000E+0
47.00000E+0	-1.53000E+0	-7.51110E-3	203.69853E+0	0.00000E+0	0.00000E+0
48.00000E+0	-1.52000E+0	-7.50800E-3	202.45072E+0	0.00000E+0	0.00000E+0
49.00000E+0	-1.51000E+0	-7.50710E-3	201.14292E+0	0.00000E+0	0.00000E+0
50.00000E+0	-1.50000E+0	-7.50400E-3	199.89339E+0	0.00000E+0	0.00000E+0
51.00000E+0	-1.49000E+0	-7.50210E-3	198.61106E+0	0.00000E+0	0.00000E+0
52.00000E+0	-1.48000E+0	-7.49900E-3	197.35965E+0	0.00000E+0	0.00000E+0
53.00000E+0	-1.47000E+0	-7.49710E-3	196.07582E+0	0.00000E+0	0.00000E+0
54.00000E+0	-1.46000E+0	-7.49440E-3	194.81213E+0	0.00000E+0	0.00000E+0
55.00000E+0	-1.45000E+0	-7.49250E-3	193.52686E+0	0.00000E+0	0.00000E+0
56.00000E+0	-1.44000E+0	-7.49110E-3	192.22811E+0	0.00000E+0	0.00000E+0
57.00000E+0	-1.43000E+0	-7.48750E-3	190.98497E+0	0.00000E+0	0.00000E+0
58.00000E+0	-1.42000E+0	-7.48660E-3	189.67221E+0	0.00000E+0	0.00000E+0
59.00000E+0	-1.41000E+0	-7.48350E-3	188.41451E+0	0.00000E+0	0.00000E+0
60.00000E+0	-1.40000E+0	-7.48200E-3	187.11574E+0	0.00000E+0	0.00000E+0
61.00000E+0	-1.39000E+0	-7.47970E-3	185.83633E+0	0.00000E+0	0.00000E+0
62.00000E+0	-1.38000E+0	-7.47800E-3	184.54132E+0	0.00000E+0	0.00000E+0
63.00000E+0	-1.37000E+0	-7.47610E-3	183.25063E+0	0.00000E+0	0.00000E+0
64.00000E+0	-1.36000E+0	-7.47300E-3	181.98849E+0	0.00000E+0	0.00000E+0
65.00000E+0	-1.35000E+0	-7.47200E-3	180.67452E+0	0.00000E+0	0.00000E+0
66.00000E+0	-1.34000E+0	-7.47010E-3	179.38180E+0	0.00000E+0	0.00000E+0
67.00000E+0	-1.33000E+0	-7.46750E-3	178.10512E+0	0.00000E+0	0.00000E+0
68.00000E+0	-1.32000E+0	-7.46510E-3	176.82282E+0	0.00000E+0	0.00000E+0
69.00000E+0	-1.31000E+0	-7.46420E-3	175.50441E+0	0.00000E+0	0.00000E+0
70.00000E+0	-1.30000E+0	-7.46200E-3	174.21603E+0	0.00000E+0	0.00000E+0
71.00000E+0	-1.29000E+0	-7.45960E-3	172.93152E+0	0.00000E+0	0.00000E+0
72.00000E+0	-1.28000E+0	-7.45750E-3	171.63929E+0	0.00000E+0	0.00000E+0
73.00000E+0	-1.27000E+0	-7.45560E-3	170.34176E+0	0.00000E+0	0.00000E+0
74.00000E+0	-1.26000E+0	-7.45420E-3	169.03222E+0	0.00000E+0	0.00000E+0
75.00000E+0	-1.25000E+0	-7.45150E-3	167.75146E+0	0.00000E+0	0.00000E+0
76.00000E+0	-1.24000E+0	-7.45010E-3	166.44072E+0	0.00000E+0	0.00000E+0
77.00000E+0	-1.23000E+0	-7.44800E-3	165.14501E+0	0.00000E+0	0.00000E+0
78.00000E+0	-1.22000E+0	-7.44600E-3	163.84636E+0	0.00000E+0	0.00000E+0
79.00000E+0	-1.21000E+0	-7.44460E-3	162.53392E+0	0.00000E+0	0.00000E+0
80.00000E+0	-1.20000E+0	-7.44250E-3	161.23614E+0	0.00000E+0	0.00000E+0
81.00000E+0	-1.19000E+0	-7.44100E-3	159.92474E+0	0.00000E+0	0.00000E+0
82.00000E+0	-1.18000E+0	-7.43910E-3	158.62134E+0	0.00000E+0	0.00000E+0
83.00000E+0	-1.17000E+0	-7.43750E-3	157.31092E+0	0.00000E+0	0.00000E+0
84.00000E+0	-1.16000E+0	-7.43510E-3	156.01673E+0	0.00000E+0	0.00000E+0
85.00000E+0	-1.15000E+0	-7.43360E-3	154.70297E+0	0.00000E+0	0.00000E+0
86.00000E+0	-1.14000E+0	-7.43250E-3	153.38042E+0	0.00000E+0	0.00000E+0
87.00000E+0	-1.13000E+0	-7.43010E-3	152.08409E+0	0.00000E+0	0.00000E+0
88.00000E+0	-1.12000E+0	-7.42860E-3	150.76865E+0	0.00000E+0	0.00000E+0
89.00000E+0	-1.11000E+0	-7.42700E-3	149.45469E+0	0.00000E+0	0.00000E+0
90.00000E+0	-1.10000E+0	-7.42510E-3	148.14615E+0	0.00000E+0	0.00000E+0
91.00000E+0	-1.09000E+0	-7.42360E-3	146.82903E+0	0.00000E+0	0.00000E+0
92.00000E+0	-1.08000E+0	-7.42200E-3	145.51334E+0	0.00000E+0	0.00000E+0
93.00000E+0	-1.07000E+0	-7.42010E-3	144.20291E+0	0.00000E+0	0.00000E+0
94.00000E+0	-1.06000E+0	-7.41810E-3	142.89373E+0	0.00000E+0	0.00000E+0
95.00000E+0	-1.05000E+0	-7.41740E-3	141.55904E+0	0.00000E+0	0.00000E+0
96.00000E+0	-1.04000E+0	-7.41550E-3	140.24678E+0	0.00000E+0	0.00000E+0
97.00000E+0	-1.03000E+0	-7.41460E-3	138.91511E+0	0.00000E+0	0.00000E+0
98.00000E+0	-1.02000E+0	-7.41190E-3	137.61654E+0	0.00000E+0	0.00000E+0
99.00000E+0	-1.01000E+0	-7.41150E-3	136.27471E+0	0.00000E+0	0.00000E+0
100.00000E+0	-1.00000E+0	-7.40910E-3	134.96916E+0	0.00000E+0	0.00000E+0
101.00000E+0	-990.00000E-3	-7.40810E-3	133.63750E+0	0.00000E+0	0.00000E+0
102.00000E+0	-980.00000E-3	-7.40690E-3	132.30906E+0	0.00000E+0	0.00000E+0
103.00000E+0	-970.00000E-3	-7.40500E-3	130.99257E+0	0.00000E+0	0.00000E+0
104.00000E+0	-960.00000E-3	-7.40360E-3	129.66665E+0	0.00000E+0	0.00000E+0
105.00000E+0	-950.00000E-3	-7.40190E-3	128.34542E+0	0.00000E+0	0.00000E+0
106.00000E+0	-940.00000E-3	-7.40100E-3	127.00986E+0	0.00000E+0	0.00000E+0
107.00000E+0	-930.00000E-3	-7.39910E-3	125.69096E+0	0.00000E+0	0.00000E+0
108.00000E+0	-920.00000E-3	-7.39770E-3	124.36298E+0	0.00000E+0	0.00000E+0
109.00000E+0	-910.00000E-3	-7.39650E-3	123.03116E+0	0.00000E+0	0.00000E+0
110.00000E+0	-900.00000E-3	-7.39500E-3	121.70385E+0	0.00000E+0	0.00000E+0
111.00000E+0	-890.00000E-3	-7.39360E-3	120.37438E+0	0.00000E+0	0.00000E+0
112.00000E+0	-880.00000E-3	-7.39220E-3	119.04440E+0	0.00000E+0	0.00000E+0
113.00000E+0	-870.00000E-3	-7.39140E-3	117.70436E+0	0.00000E+0	0.00000E+0
114.00000E+0	-860.00000E-3	-7.38950E-3	116.38135E+0	0.00000E+0	0.00000E+0
115.00000E+0	-850.00000E-3	-7.38860E-3	115.04209E+0	0.00000E+0	0.00000E+0
116.00000E+0	-840.00000E-3	-7.38810E-3	113.69635E+0	0.00000E+0	0.00000E+0
117.00000E+0	-830.00000E-3	-7.38640E-3	112.36868E+0	0.00000E+0	0.00000E+0
118.00000E+0	-820.00000E-3	-7.38550E-3	111.02837E+0	0.00000E+0	0.00000E+0
119.00000E+0	-810.00000E-3	-7.38410E-3	109.69516E+0	0.00000E+0	0.00000E+0
120.00000E+0	-800.00000E-3	-7.38310E-3	108.35557E+0	0.00000E+0	0.00000E+0
121.00000E+0	-790.00000E-3	-7.38220E-3	107.01417E+0	0.00000E+0	0.00000E+0
122.00000E+0	-780.00000E-3	-7.38140E-3	105.67101E+0	0.00000E+0	0.00000E+0
123.00000E+0	-770.00000E-3	-7.38000E-3	104.33604E+0	0.00000E+0	0.00000E+0
124.00000E+0	-760.00000E-3	-7.37810E-3	103.00755E+0	0.00000E+0	0.00000E+0
125.00000E+0	-750.00000E-3	-7.37760E-3	101.65908E+0	0.00000E+0	0.00000E+0
126.00000E+0	-740.00000E-3	-7.37670E-3	100.31586E+0	0.00000E+0	0.00000E+0
127.00000E+0	-730.00000E-3	-7.37550E-3	98.97634E+0	0.00000E+0	0.00000E+0
128.00000E+0	-720.00000E-3	-7.37400E-3	97.64036E+0	0.00000E+0	0.00000E+0
129.00000E+0	-710.00000E-3	-7.37360E-3	96.28947E+0	0.00000E+0	0.00000E+0
130.00000E+0	-700.00000E-3	-7.37210E-3	94.95259E+0	0.00000E+0	0.00000E+0
131.00000E+0	-690.00000E-3	-7.37090E-3	93.61136E+0	0.00000E+0	0.00000E+0
132.00000E+0	-680.00000E-3	-7.37090E-3	92.25468E+0	0.00000E+0	0.00000E+0
133.00000E+0	-670.00000E-3	-7.36900E-3	90.92143E+0	0.00000E+0	0.00000E+0
134.00000E+0	-660.00000E-3	-7.36810E-3	89.57533E+0	0.00000E+0	0.00000E+0
135.00000E+0	-650.00000E-3	-7.36760E-3	88.22412E+0	0.00000E+0	0.00000E+0
136.00000E+0	-640.00000E-3	-7.36710E-3	86.87272E+0	0.00000E+0	0.00000E+0
137.00000E+0	-630.00000E-3	-7.36550E-3	85.53391E+0	0.00000E+0	0.00000E+0
138.00000E+0	-620.00000E-3	-7.36450E-3	84.18766E+0	0.00000E+0	0.00000E+0
139.00000E+0	-610.00000E-3	-7.36400E-3	82.83542E+0	0.00000E+0	0.00000E+0
140.00000E+0	-600.00000E-3	-7.36360E-3	81.48188E+0	0.00000E+0	0.00000E+0
141.00000E+0	-590.00000E-3	-7.36210E-3	80.14018E+0	0.00000E+0	0.00000E+0
142.00000E+0	-580.00000E-3	-7.36160E-3	78.78722E+0	0.00000E+0	0.00000E+0
143.00000E+0	-570.00000E-3	-7.36120E-3	77.43303E+0	0.00000E+0	0.00000E+0
144.00000E+0	-560.00000E-3	-7.35900E-3	76.09730E+0	0.00000E+0	0.00000E+0
145.00000E+0	-550.00000E-3	-7.35900E-3	74.73842E+0	0.00000E+0	0.00000E+0
146.00000E+0	-540.00000E-3	-7.35860E-3	73.38352E+0	0.00000E+0	0.00000E+0
147.00000E+0	-530.00000E-3	-7.35710E-3	72.03925E+0	0.00000E+0	0.00000E+0
148.00000E+0	-520.00000E-3	-7.35660E-3	70.68483E+0	0.00000E+0	0.00000E+0
149.00000E+0	-510.00000E-3	-7.35550E-3	69.33587E+0	0.00000E+0	0.00000E+0
150.00000E+0	-500.00000E-3	-7.35550E-3	67.97634E+0	0.00000E+0	0.00000E+0
151.00000E+0	-490.00000E-3	-7.35350E-3	66.63494E+0	0.00000E+0	0.00000E+0
152.00000E+0	-480.00000E-3	-7.35310E-3	65.27859E+0	0.00000E+0	0.00000E+0
153.00000E+0	-470.00000E-3	-7.35310E-3	63.91862E+0	0.00000E+0	0.00000E+0
154.00000E+0	-460.00000E-3	-7.35210E-3	62.56716E+0	0.00000E+0	0.00000E+0
155.00000E+0	-450.00000E-3	-7.35160E-3	61.21116E+0	0.00000E+0	0.00000E+0
156.00000E+0	-440.00000E-3	-7.35120E-3	59.85417E+0	0.00000E+0	0.00000E+0
157.00000E+0	-430.00000E-3	-7.35040E-3	58.50022E+0	0.00000E+0	0.00000E+0
158.00000E+0	-420.00000E-3	-7.34950E-3	57.14674E+0	0.00000E+0	0.00000E+0
159.00000E+0	-410.00000E-3	-7.34950E-3	55.78611E+0	0.00000E+0	0.00000E+0
160.00000E+0	-400.00000E-3	-7.34810E-3	54.43584E+0	0.00000E+0	0.00000E+0
161.00000E+0	-390.00000E-3	-7.34760E-3	53.07856E+0	0.00000E+0	0.00000E+0
162.00000E+0	-380.00000E-3	-7.34710E-3	51.72109E+0	0.00000E+0	0.00000E+0
163.00000E+0	-370.00000E-3	-7.34620E-3	50.36618E+0	0.00000E+0	0.00000E+0
164.00000E+0	-360.00000E-3	-7.34540E-3	49.01026E+0	0.00000E+0	0.00000E+0
165.00000E+0	-350.00000E-3	-7.34450E-3	47.65471E+0	0.00000E+0	0.00000E+0
166.00000E+0	-340.00000E-3	-7.34450E-3	46.29314E+0	0.00000E+0	0.00000E+0
167.00000E+0	-330.00000E-3	-7.34400E-3	44.93464E+0	0.00000E+0	0.00000E+0
168.00000E+0	-320.00000E-3	-7.34260E-3	43.58129E+0	0.00000E+0	0.00000E+0
169.00000E+0	-310.00000E-3	-7.34300E-3	42.21708E+0	0.00000E+0	0.00000E+0
170.00000E+0	-300.00000E-3	-7.34210E-3	40.86024E+0	0.00000E+0	0.00000E+0
171.00000E+0	-290.00000E-3	-7.34160E-3	39.50093E+0	0.00000E+0	0.00000E+0
172.00000E+0	-280.00000E-3	-7.34070E-3	38.14350E+0	0.00000E+0	0.00000E+0
173.00000E+0	-270.00000E-3	-7.33990E-3	36.78524E+0	0.00000E+0	0.00000E+0
174.00000E+0	-260.00000E-3	-7.33950E-3	35.42476E+0	0.00000E+0	0.00000E+0
175.00000E+0	-250.00000E-3	-7.33850E-3	34.06691E+0	0.00000E+0	0.00000E+0
176.00000E+0	-240.00000E-3	-7.33900E-3	32.70200E+0	0.00000E+0	0.00000E+0
177.00000E+0	-230.00000E-3	-7.33760E-3	31.34540E+0	0.00000E+0	0.00000E+0
178.00000E+0	-220.00000E-3	-7.33760E-3	29.98256E+0	0.00000E+0	0.00000E+0
179.00000E+0	-210.00000E-3	-7.33660E-3	28.62361E+0	0.00000E+0	0.00000E+0
180.00000E+0	-200.00000E-3	-7.33660E-3	27.26058E+0	0.00000E+0	0.00000E+0
181.00000E+0	-190.00000E-3	-7.33610E-3	25.89932E+0	0.00000E+0	0.00000E+0
182.00000E+0	-180.00000E-3	-7.33570E-3	24.53754E+0	0.00000E+0	0.00000E+0
183.00000E+0	-170.00000E-3	-7.33490E-3	23.17687E+0	0.00000E+0	0.00000E+0
184.00000E+0	-160.00000E-3	-7.33400E-3	21.81620E+0	0.00000E+0	0.00000E+0
185.00000E+0	-150.00000E-3	-7.33400E-3	20.45269E+0	0.00000E+0	0.00000E+0
186.00000E+0	-140.00000E-3	-7.33260E-3	19.09282E+0	0.00000E+0	0.00000E+0
187.00000E+0	-130.00000E-3	-7.33300E-3	17.72808E+0	0.00000E+0	0.00000E+0
188.00000E+0	-120.00000E-3	-7.33210E-3	16.36639E+0	0.00000E+0	0.00000E+0
189.00000E+0	-110.00000E-3	-7.33110E-3	15.00457E+0	0.00000E+0	0.00000E+0
190.00000E+0	-100.00000E-3	-7.33110E-3	13.64052E+0	0.00000E+0	0.00000E+0
191.00000E+0	-90.00000E-3	-7.32950E-3	12.27915E+0	0.00000E+0	0.00000E+0
192.00000E+0	-80.00000E-3	-7.32950E-3	10.91480E+0	0.00000E+0	0.00000E+0
193.00000E+0	-70.00000E-3	-7.32800E-3	9.55240E+0	0.00000E+0	0.00000E+0
194.00000E+0	-60.00000E-3	-7.32800E-3	8.18777E+0	0.00000E+0	0.00000E+0
195.00000E+0	-50.00000E-3	-7.32710E-3	6.82398E+0	0.00000E+0	0.00000E+0
196.00000E+0	-40.00000E-3	-7.32710E-3	5.45919E+0	0.00000E+0	0.00000E+0
197.00000E+0	-30.00000E-3	-7.32520E-3	4.09545E+0	0.00000E+0	0.00000E+0
198.00000E+0	-20.00000E-3	-7.32350E-3	2.73093E+0	0.00000E+0	0.00000E+0
199.00000E+0	-10.00000E-3	-7.32300E-3	1.36556E+0	0.00000E+0	0.00000E+0
200.00000E+0	0.00000E+0	-7.32060E-3	-0.00000E+0	0.00000E+0	0.00000E+0
201.00000E+0	10.00000E-3	-7.32020E-3	-1.36608E+0	0.00000E+0	0.00000E+0
202.00000E+0	20.00000E-3	-7.31710E-3	-2.73332E+0	0.00000E+0	0.00000E+0
203.00000E+0	30.00000E-3	-7.31610E-3	-4.10055E+0	0.00000E+0	0.00000E+0
204.00000E+0	40.00000E-3	-7.31210E-3	-5.47038E+0	0.00000E+0	0.00000E+0
205.00000E+0	50.00000E-3	-7.30940E-3	-6.84051E+0	0.00000E+0	0.00000E+0
206.00000E+0	60.00000E-3	-7.30710E-3	-8.21119E+0	0.00000E+0	0.00000E+0
207.00000E+0	70.00000E-3	-7.30200E-3	-9.58641E+0	0.00000E+0	0.00000E+0
208.00000E+0	80.00000E-3	-7.29890E-3	-10.96056E+0	0.00000E+0	0.00000E+0
209.00000E+0	90.00000E-3	-7.29470E-3	-12.33772E+0	0.00000E+0	0.00000E+0
210.00000E+0	100.00000E-3	-7.29010E-3	-13.71723E+0	0.00000E+0	0.00000E+0
211.00000E+0	110.00000E-3	-7.28510E-3	-15.09931E+0	0.00000E+0	0.00000E+0
212.00000E+0	120.00000E-3	-7.28010E-3	-16.48329E+0	0.00000E+0	0.00000E+0
213.00000E+0	130.00000E-3	-7.27510E-3	-17.86917E+0	0.00000E+0	0.00000E+0
214.00000E+0	140.00000E-3	-7.26800E-3	-19.26252E+0	0.00000E+0	0.00000E+0
215.00000E+0	150.00000E-3	-7.26250E-3	-20.65404E+0	0.00000E+0	0.00000E+0
216.00000E+0	160.00000E-3	-7.25550E-3	-22.05224E+0	0.00000E+0	0.00000E+0
217.00000E+0	170.00000E-3	-7.24860E-3	-23.45280E+0	0.00000E+0	0.00000E+0
218.00000E+0	180.00000E-3	-7.24100E-3	-24.85844E+0	0.00000E+0	0.00000E+0
219.00000E+0	190.00000E-3	-7.23360E-3	-26.26631E+0	0.00000E+0	0.00000E+0
220.00000E+0	200.00000E-3	-7.22410E-3	-27.68511E+0	0.00000E+0	0.00000E+0
221.00000E+0	210.00000E-3	-7.21550E-3	-29.10401E+0	0.00000E+0	0.00000E+0
222.00000E+0	220.00000E-3	-7.20600E-3	-30.53011E+0	0.00000E+0	0.00000E+0
223.00000E+0	230.00000E-3	-7.19500E-3	-31.96664E+0	0.00000E+0	0.00000E+0
224.00000E+0	240.00000E-3	-7.18400E-3	-33.40757E+0	0.00000E+0	0.00000E+0
225.00000E+0	250.00000E-3	-7.17160E-3	-34.85972E+0	0.00000E+0	0.00000E+0
226.00000E+0	260.00000E-3	-7.15850E-3	-36.32046E+0	0.00000E+0	0.00000E+0
227.00000E+0	270.00000E-3	-7.14400E-3	-37.79395E+0	0.00000E+0	0.00000E+0
228.00000E+0	280.00000E-3	-7.12750E-3	-39.28446E+0	0.00000E+0	0.00000E+0
229.00000E+0	290.00000E-3	-7.11110E-3	-40.78131E+0	0.00000E+0	0.00000E+0
230.00000E+0	300.00000E-3	-7.09060E-3	-42.30954E+0	0.00000E+0	0.00000E+0
231.00000E+0	310.00000E-3	-7.07010E-3	-43.84662E+0	0.00000E+0	0.00000E+0
232.00000E+0	320.00000E-3	-7.04500E-3	-45.42229E+0	0.00000E+0	0.00000E+0
233.00000E+0	330.00000E-3	-7.01760E-3	-47.02462E+0	0.00000E+0	0.00000E+0
234.00000E+0	340.00000E-3	-6.98490E-3	-48.67643E+0	0.00000E+0	0.00000E+0
235.00000E+0	350.00000E-3	-6.94850E-3	-50.37058E+0	0.00000E+0	0.00000E+0
236.00000E+0	360.00000E-3	-6.90510E-3	-52.13538E+0	0.00000E+0	0.00000E+0
237.00000E+0	370.00000E-3	-6.85260E-3	-53.99410E+0	0.00000E+0	0.00000E+0
238.00000E+0	380.00000E-3	-6.79020E-3	-55.96301E+0	0.00000E+0	0.00000E+0
239.00000E+0	390.00000E-3	-6.71310E-3	-58.09537E+0	0.00000E+0	0.00000E+0
240.00000E+0	400.00000E-3	-6.61850E-3	-60.43665E+0	0.00000E+0	0.00000E+0
241.00000E+0	410.00000E-3	-6.49910E-3	-63.08566E+0	0.00000E+0	0.00000E+0
242.00000E+0	420.00000E-3	-6.34550E-3	-66.18864E+0	0.00000E+0	0.00000E+0
243.00000E+0	430.00000E-3	-6.15260E-3	-69.88915E+0	0.00000E+0	0.00000E+0
244.00000E+0	440.00000E-3	-5.89700E-3	-74.61421E+0	0.00000E+0	0.00000E+0
245.00000E+0	450.00000E-3	-5.56950E-3	-80.79720E+0	0.00000E+0	0.00000E+0
246.00000E+0	460.00000E-3	-5.14150E-3	-89.46805E+0	0.00000E+0	0.00000E+0
247.00000E+0	470.00000E-3	-4.59150E-3	-102.36306E+0	0.00000E+0	0.00000E+0
248.00000E+0	480.00000E-3	-3.89850E-3	-123.12428E+0	0.00000E+0	0.00000E+0
249.00000E+0	490.00000E-3	-3.02400E-3	-162.03704E+0	0.00000E+0	0.00000E+0
250.00000E+0	500.00000E-3	-1.96350E-3	-254.64731E+0	0.00000E+0	0.00000E+0
251.00000E+0	510.00000E-3	-693.92000E-6	-734.95504E+0	0.00000E+0	0.00000E+0
252.00000E+0	520.00000E-3	796.02000E-6	653.24992E+0	0.00000E+0	0.00000E+0
253.00000E+0	530.00000E-3	2.48400E-3	213.36554E+0	0.00000E+0	0.00000E+0
254.00000E+0	540.00000E-3	4.37590E-3	123.40319E+0	0.00000E+0	0.00000E+0
255.00000E+0	550.00000E-3	6.45900E-3	85.15250E+0	0.00000E+0	0.00000E+0
256.00000E+0	560.00000E-3	8.69610E-3	64.39668E+0	0.00000E+0	0.00000E+0
257.00000E+0	570.00000E-3	11.13000E-3	51.21294E+0	0.00000E+0	0.00000E+0
258.00000E+0	580.00000E-3	13.67000E-3	42.42868E+0	0.00000E+0	0.00000E+0
259.00000E+0	590.00000E-3	16.31500E-3	36.16304E+0	0.00000E+0	0.00000E+0
260.00000E+0	600.00000E-3	19.09500E-3	31.42184E+0	0.00000E+0	0.00000E+0
261.00000E+0	610.00000E-3	21.95000E-3	27.79043E+0	0.00000E+0	0.00000E+0
262.00000E+0	620.00000E-3	24.90000E-3	24.89960E+0	0.00000E+0	0.00000E+0
263.00000E+0	630.00000E-3	27.91500E-3	22.56851E+0	0.00000E+0	0.00000E+0
264.00000E+0	640.00000E-3	31.00000E-3	20.64516E+0	0.00000E+0	0.00000E+0
265.00000E+0	650.00000E-3	34.16400E-3	19.02588E+0	0.00000E+0	0.00000E+0
266.00000E+0	660.00000E-3	37.39000E-3	17.65178E+0	0.00000E+0	0.00000E+0
267.00000E+0	670.00000E-3	40.63600E-3	16.48784E+0	0.00000E+0	0.00000E+0
268.00000E+0	680.00000E-3	43.92600E-3	15.48058E+0	0.00000E+0	0.00000E+0
269.00000E+0	690.00000E-3	47.27600E-3	14.59514E+0	0.00000E+0	0.00000E+0
270.00000E+0	700.00000E-3	50.66100E-3	13.81733E+0	0.00000E+0	0.00000E+0
271.00000E+0	710.00000E-3	54.04100E-3	13.13817E+0	0.00000E+0	0.00000E+0
272.00000E+0	720.00000E-3	57.49500E-3	12.52283E+0	0.00000E+0	0.00000E+0
273.00000E+0	730.00000E-3	60.95100E-3	11.97683E+0	0.00000E+0	0.00000E+0
274.00000E+0	740.00000E-3	64.48000E-3	11.47643E+0	0.00000E+0	0.00000E+0
275.00000E+0	750.00000E-3	67.98200E-3	11.03233E+0	0.00000E+0	0.00000E+0
276.00000E+0	760.00000E-3	71.52600E-3	10.62551E+0	0.00000E+0	0.00000E+0
277.00000E+0	770.00000E-3	75.06900E-3	10.25723E+0	0.00000E+0	0.00000E+0
278.00000E+0	780.00000E-3	78.66700E-3	9.91521E+0	0.00000E+0	0.00000E+0
279.00000E+0	790.00000E-3	82.30200E-3	9.59879E+0	0.00000E+0	0.00000E+0
280.00000E+0	800.00000E-3	85.90700E-3	9.31240E+0	0.00000E+0	0.00000E+0
281.00000E+0	810.00000E-3	89.56900E-3	9.04331E+0	0.00000E+0	0.00000E+0
282.00000E+0	820.00000E-3	93.21200E-3	8.79715E+0	0.00000E+0	0.00000E+0
283.00000E+0	830.00000E-3	96.91200E-3	8.56447E+0	0.00000E+0	0.00000E+0
284.00000E+0	840.00000E-3	99.99500E-3	8.40042E+0	0.00000E+0	0.00000E+0
285.00000E+0	850.00000E-3	99.99500E-3	8.50043E+0	0.00000E+0	0.00000E+0
286.00000E+0	860.00000E-3	99.99500E-3	8.60043E+0	0.00000E+0	0.00000E+0
287.00000E+0	870.00000E-3	99.99500E-3	8.70044E+0	0.00000E+0	0.00000E+0
288.00000E+0	880.00000E-3	100.00000E-3	8.80000E+0	0.00000E+0	1.00000E+0
289.00000E+0	890.00000E-3	99.99500E-3	8.90045E+0	0.00000E+0	0.00000E+0
290.00000E+0	900.00000E-3	100.00000E-3	9.00000E+0	0.00000E+0	1.00000E+0
291.00000E+0	910.00000E-3	99.99500E-3	9.10046E+0	0.00000E+0	0.00000E+0
292.00000E+0	920.00000E-3	99.99500E-3	9.20046E+0	0.00000E+0	0.00000E+0
293.00000E+0	930.00000E-3	99.99500E-3	9.30047E+0	0.00000E+0	0.00000E+0
294.00000E+0	940.00000E-3	99.99500E-3	9.40047E+0	0.00000E+0	0.00000E+0
295.00000E+0	950.00000E-3	99.99500E-3	9.50048E+0	0.00000E+0	0.00000E+0
296.00000E+0	960.00000E-3	100.00000E-3	9.60000E+0	0.00000E+0	1.00000E+0
297.00000E+0	970.00000E-3	99.99500E-3	9.70049E+0	0.00000E+0	0.00000E+0
298.00000E+0	980.00000E-3	99.99500E-3	9.80049E+0	0.00000E+0	0.00000E+0
299.00000E+0	990.00000E-3	100.00000E-3	9.90000E+0	0.00000E+0	1.00000E+0
300.00000E+0	1.00000E+0	99.99500E-3	10.00050E+0	0.00000E+0	0.00000E+0
301.00000E+0	1.01000E+0	99.99500E-3	10.10051E+0	0.00000E+0	0.00000E+0
302.00000E+0	1.02000E+0	99.99500E-3	10.20051E+0	0.00000E+0	0.00000E+0
303.00000E+0	1.03000E+0	100.00000E-3	10.30000E+0	0.00000E+0	1.00000E+0
304.00000E+0	1.04000E+0	99.99500E-3	10.40052E+0	0.00000E+0	0.00000E+0
305.00000E+0	1.05000E+0	99.99500E-3	10.50053E+0	0.00000E+0	0.00000E+0
306.00000E+0	1.06000E+0	100.00000E-3	10.60000E+0	0.00000E+0	1.00000E+0
307.00000E+0	1.07000E+0	100.00000E-3	10.70000E+0	0.00000E+0	1.00000E+0
308.00000E+0	1.08000E+0	99.99500E-3	10.80054E+0	0.00000E+0	0.00000E+0
309.00000E+0	1.09000E+0	99.99500E-3	10.90055E+0	0.00000E+0	0.00000E+0
310.00000E+0	1.10000E+0	99.99500E-3	11.00055E+0	0.00000E+0	0.00000E+0
311.00000E+0	1.11000E+0	99.99500E-3	11.10056E+0	0.00000E+0	0.00000E+0
312.00000E+0	1.12000E+0	99.99500E-3	11.20056E+0	0.00000E+0	0.00000E+0
313.00000E+0	1.13000E+0	99.99500E-3	11.30057E+0	0.00000E+0	0.00000E+0
314.00000E+0	1.14000E+0	99.99500E-3	11.40057E+0	0.00000E+0	0.00000E+0
315.00000E+0	1.15000E+0	99.99500E-3	11.50058E+0	0.00000E+0	0.00000E+0
316.00000E+0	1.16000E+0	99.99500E-3	11.60058E+0	0.00000E+0	0.00000E+0
317.00000E+0	1.17000E+0	100.00000E-3	11.70000E+0	0.00000E+0	1.00000E+0
318.00000E+0	1.18000E+0	99.99500E-3	11.80059E+0	0.00000E+0	0.00000E+0
319.00000E+0	1.19000E+0	99.99500E-3	11.90060E+0	0.00000E+0	0.00000E+0
320.00000E+0	1.20000E+0	99.99500E-3	12.00060E+0	0.00000E+0	0.00000E+0
321.00000E+0	1.21000E+0	100.00000E-3	12.10000E+0	0.00000E+0	1.00000E+0
322.00000E+0	1.22000E+0	99.99500E-3	12.20061E+0	0.00000E+0	0.00000E+0
323.00000E+0	1.23000E+0	99.99500E-3	12.30062E+0	0.00000E+0	0.00000E+0
324.00000E+0	1.24000E+0	99.99500E-3	12.40062E+0	0.00000E+0	0.00000E+0
325.00000E+0	1.25000E+0	99.99500E-3	12.50063E+0	0.00000E+0	0.00000E+0
326.00000E+0	1.26000E+0	99.99500E-3	12.60063E+0	0.00000E+0	0.00000E+0
327.00000E+0	1.27000E+0	99.99500E-3	12.70064E+0	0.00000E+0	0.00000E+0
328.00000E+0	1.28000E+0	99.99500E-3	12.80064E+0	0.00000E+0	0.00000E+0
329.00000E+0	1.29000E+0	99.99500E-3	12.90065E+0	0.00000E+0	0.00000E+0
330.00000E+0	1.30000E+0	99.99500E-3	13.00065E+0	0.00000E+0	0.00000E+0
331.00000E+0	1.31000E+0	100.00000E-3	13.10000E+0	0.00000E+0	1.00000E+0
332.00000E+0	1.32000E+0	99.99500E-3	13.20066E+0	0.00000E+0	0.00000E+0
333.00000E+0	1.33000E+0	99.99500E-3	13.30067E+0	0.00000E+0	0.00000E+0
334.00000E+0	1.34000E+0	100.00000E-3	13.40000E+0	0.00000E+0	1.00000E+0
335.00000E+0	1.35000E+0	99.99500E-3	13.50068E+0	0.00000E+0	0.00000E+0
336.00000E+0	1.36000E+0	99.99500E-3	13.60068E+0	0.00000E+0	0.00000E+0
337.00000E+0	1.37000E+0	99.99500E-3	13.70069E+0	0.00000E+0	0.00000E+0
338.00000E+0	1.38000E+0	99.99500E-3	13.80069E+0	0.00000E+0	0.00000E+0
339.00000E+0	1.39000E+0	99.99500E-3	13.90070E+0	0.00000E+0	0.00000E+0
340.00000E+0	1.40000E+0	99.99500E-3	14.00070E+0	0.00000E+0	0.00000E+0
341.00000E+0	1.41000E+0	99.99500E-3	14.10071E+0	0.00000E+0	0.00000E+0
342.00000E+0	1.42000E+0	99.99500E-3	14.20071E+0	0.00000E+0	0.00000E+0
343.00000E+0	1.43000E+0	99.99500E-3	14.30072E+0	0.00000E+0	0.00000E+0
344.00000E+0	1.44000E+0	99.99500E-3	14.40072E+0	0.00000E+0	0.00000E+0
345.00000E+0	1.45000E+0	99.99500E-3	14.50073E+0	0.00000E+0	0.00000E+0
346.00000E+0	1.46000E+0	99.99500E-3	14.60073E+0	0.00000E+0	0.00000E+0
347.00000E+0	1.47000E+0	99.99500E-3	14.70074E+0	0.00000E+0	0.00000E+0
348.00000E+0	1.48000E+0	99.99500E-3	14.80074E+0	0.00000E+0	0.00000E+0
349.00000E+0	1.49000E+0	99.99500E-3	14.90075E+0	0.00000E+0	0.00000E+0
350.00000E+0	1.50000E+0	99.99500E-3	15.00075E+0	0.00000E+0	0.00000E+0
