===========================================
MEDIDA DE VI V2.9
===========================================

DÍA: 05/11/2024
HORA INICIO: 16:47:31
HORA FINAL: 16:51:41
USUARIO: 
REF.MUESTRA: 
OBSERVACIONES: 
-------------------------------------
CONDICIONES DE MEDIDA:
SELECCIÓN DE SMU VI: HP4154B
TIEMPO DE INTEGRACIÓN VI: IT1 - SHORT
Límite de corriente (A): 1.000000E-1
-------------------------------------
Nº Ciclos de Medida: 1
Cambio de  cada ciclo: IDA
-------------------------------------
Nºmedida	VOLTAJE(volt.)	CORRIENTE(amp.)	IMPEDANCIA(ohm.)	TIEMPO(seg.)	LIMITE_I/V(0/1)

N1	V1	I1	Z1	T1	Lim1	
0.00000E+0	-2.00000E+0	-8.93350E-3	223.87642E+0	0.00000E+0	0.00000E+0
1.00000E+0	-1.99000E+0	-8.92970E-3	222.85183E+0	0.00000E+0	0.00000E+0
2.00000E+0	-1.98000E+0	-8.92690E-3	221.80152E+0	0.00000E+0	0.00000E+0
3.00000E+0	-1.97000E+0	-8.92310E-3	220.77529E+0	0.00000E+0	0.00000E+0
4.00000E+0	-1.96000E+0	-8.91920E-3	219.75065E+0	0.00000E+0	0.00000E+0
5.00000E+0	-1.95000E+0	-8.91590E-3	218.71039E+0	0.00000E+0	0.00000E+0
6.00000E+0	-1.94000E+0	-8.91450E-3	217.62297E+0	0.00000E+0	0.00000E+0
7.00000E+0	-1.93000E+0	-8.91160E-3	216.57166E+0	0.00000E+0	0.00000E+0
8.00000E+0	-1.92000E+0	-8.90920E-3	215.50757E+0	0.00000E+0	0.00000E+0
9.00000E+0	-1.91000E+0	-8.90490E-3	214.48865E+0	0.00000E+0	0.00000E+0
10.00000E+0	-1.90000E+0	-8.90250E-3	213.42320E+0	0.00000E+0	0.00000E+0
11.00000E+0	-1.89000E+0	-8.90060E-3	212.34524E+0	0.00000E+0	0.00000E+0
12.00000E+0	-1.88000E+0	-8.89730E-3	211.30006E+0	0.00000E+0	0.00000E+0
13.00000E+0	-1.87000E+0	-8.89490E-3	210.23283E+0	0.00000E+0	0.00000E+0
14.00000E+0	-1.86000E+0	-8.89210E-3	209.17444E+0	0.00000E+0	0.00000E+0
15.00000E+0	-1.85000E+0	-8.89010E-3	208.09665E+0	0.00000E+0	0.00000E+0
16.00000E+0	-1.84000E+0	-8.88730E-3	207.03701E+0	0.00000E+0	0.00000E+0
17.00000E+0	-1.83000E+0	-8.88350E-3	205.99989E+0	0.00000E+0	0.00000E+0
18.00000E+0	-1.82000E+0	-8.88200E-3	204.90880E+0	0.00000E+0	0.00000E+0
19.00000E+0	-1.81000E+0	-8.87870E-3	203.85867E+0	0.00000E+0	0.00000E+0
20.00000E+0	-1.80000E+0	-8.87680E-3	202.77578E+0	0.00000E+0	0.00000E+0
21.00000E+0	-1.79000E+0	-8.87350E-3	201.72424E+0	0.00000E+0	0.00000E+0
22.00000E+0	-1.78000E+0	-8.87160E-3	200.64025E+0	0.00000E+0	0.00000E+0
23.00000E+0	-1.77000E+0	-8.86820E-3	199.58954E+0	0.00000E+0	0.00000E+0
24.00000E+0	-1.76000E+0	-8.86540E-3	198.52460E+0	0.00000E+0	0.00000E+0
25.00000E+0	-1.75000E+0	-8.86250E-3	197.46121E+0	0.00000E+0	0.00000E+0
26.00000E+0	-1.74000E+0	-8.85960E-3	196.39713E+0	0.00000E+0	0.00000E+0
27.00000E+0	-1.73000E+0	-8.85820E-3	195.29927E+0	0.00000E+0	0.00000E+0
28.00000E+0	-1.72000E+0	-8.85530E-3	194.23396E+0	0.00000E+0	0.00000E+0
29.00000E+0	-1.71000E+0	-8.85300E-3	193.15486E+0	0.00000E+0	0.00000E+0
30.00000E+0	-1.70000E+0	-8.85010E-3	192.08822E+0	0.00000E+0	0.00000E+0
31.00000E+0	-1.69000E+0	-8.84770E-3	191.01009E+0	0.00000E+0	0.00000E+0
32.00000E+0	-1.68000E+0	-8.84390E-3	189.96144E+0	0.00000E+0	0.00000E+0
33.00000E+0	-1.67000E+0	-8.84250E-3	188.86062E+0	0.00000E+0	0.00000E+0
34.00000E+0	-1.66000E+0	-8.84010E-3	187.78068E+0	0.00000E+0	0.00000E+0
35.00000E+0	-1.65000E+0	-8.83670E-3	186.72129E+0	0.00000E+0	0.00000E+0
36.00000E+0	-1.64000E+0	-8.83580E-3	185.60855E+0	0.00000E+0	0.00000E+0
37.00000E+0	-1.63000E+0	-8.83250E-3	184.54571E+0	0.00000E+0	0.00000E+0
38.00000E+0	-1.62000E+0	-8.83010E-3	183.46338E+0	0.00000E+0	0.00000E+0
39.00000E+0	-1.61000E+0	-8.82770E-3	182.38046E+0	0.00000E+0	0.00000E+0
40.00000E+0	-1.60000E+0	-8.82580E-3	181.28668E+0	0.00000E+0	0.00000E+0
41.00000E+0	-1.59000E+0	-8.82290E-3	180.21286E+0	0.00000E+0	0.00000E+0
42.00000E+0	-1.58000E+0	-8.82050E-3	179.12817E+0	0.00000E+0	0.00000E+0
43.00000E+0	-1.57000E+0	-8.81910E-3	178.02270E+0	0.00000E+0	0.00000E+0
44.00000E+0	-1.56000E+0	-8.81580E-3	176.95501E+0	0.00000E+0	0.00000E+0
45.00000E+0	-1.55000E+0	-8.81340E-3	175.86856E+0	0.00000E+0	0.00000E+0
46.00000E+0	-1.54000E+0	-8.81100E-3	174.78152E+0	0.00000E+0	0.00000E+0
47.00000E+0	-1.53000E+0	-8.80910E-3	173.68403E+0	0.00000E+0	0.00000E+0
48.00000E+0	-1.52000E+0	-8.80620E-3	172.60566E+0	0.00000E+0	0.00000E+0
49.00000E+0	-1.51000E+0	-8.80380E-3	171.51684E+0	0.00000E+0	0.00000E+0
50.00000E+0	-1.50000E+0	-8.80240E-3	170.40807E+0	0.00000E+0	0.00000E+0
51.00000E+0	-1.49000E+0	-8.79950E-3	169.32780E+0	0.00000E+0	0.00000E+0
52.00000E+0	-1.48000E+0	-8.79760E-3	168.22770E+0	0.00000E+0	0.00000E+0
53.00000E+0	-1.47000E+0	-8.79530E-3	167.13472E+0	0.00000E+0	0.00000E+0
54.00000E+0	-1.46000E+0	-8.79290E-3	166.04306E+0	0.00000E+0	0.00000E+0
55.00000E+0	-1.45000E+0	-8.79100E-3	164.94142E+0	0.00000E+0	0.00000E+0
56.00000E+0	-1.44000E+0	-8.78950E-3	163.83184E+0	0.00000E+0	0.00000E+0
57.00000E+0	-1.43000E+0	-8.78670E-3	162.74597E+0	0.00000E+0	0.00000E+0
58.00000E+0	-1.42000E+0	-8.78480E-3	161.64284E+0	0.00000E+0	0.00000E+0
59.00000E+0	-1.41000E+0	-8.78290E-3	160.53923E+0	0.00000E+0	0.00000E+0
60.00000E+0	-1.40000E+0	-8.78000E-3	159.45330E+0	0.00000E+0	0.00000E+0
61.00000E+0	-1.39000E+0	-8.77900E-3	158.33238E+0	0.00000E+0	0.00000E+0
62.00000E+0	-1.38000E+0	-8.77620E-3	157.24345E+0	0.00000E+0	0.00000E+0
63.00000E+0	-1.37000E+0	-8.77480E-3	156.12891E+0	0.00000E+0	0.00000E+0
64.00000E+0	-1.36000E+0	-8.77140E-3	155.04936E+0	0.00000E+0	0.00000E+0
65.00000E+0	-1.35000E+0	-8.77050E-3	153.92509E+0	0.00000E+0	0.00000E+0
66.00000E+0	-1.34000E+0	-8.76810E-3	152.82672E+0	0.00000E+0	0.00000E+0
67.00000E+0	-1.33000E+0	-8.76620E-3	151.71910E+0	0.00000E+0	0.00000E+0
68.00000E+0	-1.32000E+0	-8.76430E-3	150.61100E+0	0.00000E+0	0.00000E+0
69.00000E+0	-1.31000E+0	-8.76090E-3	149.52802E+0	0.00000E+0	0.00000E+0
70.00000E+0	-1.30000E+0	-8.76000E-3	148.40183E+0	0.00000E+0	0.00000E+0
71.00000E+0	-1.29000E+0	-8.75760E-3	147.30063E+0	0.00000E+0	0.00000E+0
72.00000E+0	-1.28000E+0	-8.75660E-3	146.17546E+0	0.00000E+0	0.00000E+0
73.00000E+0	-1.27000E+0	-8.75330E-3	145.08814E+0	0.00000E+0	0.00000E+0
74.00000E+0	-1.26000E+0	-8.75230E-3	143.96216E+0	0.00000E+0	0.00000E+0
75.00000E+0	-1.25000E+0	-8.75000E-3	142.85714E+0	0.00000E+0	0.00000E+0
76.00000E+0	-1.24000E+0	-8.74810E-3	141.74506E+0	0.00000E+0	0.00000E+0
77.00000E+0	-1.23000E+0	-8.74710E-3	140.61803E+0	0.00000E+0	0.00000E+0
78.00000E+0	-1.22000E+0	-8.74470E-3	139.51308E+0	0.00000E+0	0.00000E+0
79.00000E+0	-1.21000E+0	-8.74330E-3	138.39168E+0	0.00000E+0	0.00000E+0
80.00000E+0	-1.20000E+0	-8.74140E-3	137.27778E+0	0.00000E+0	0.00000E+0
81.00000E+0	-1.19000E+0	-8.73950E-3	136.16340E+0	0.00000E+0	0.00000E+0
82.00000E+0	-1.18000E+0	-8.73710E-3	135.05625E+0	0.00000E+0	0.00000E+0
83.00000E+0	-1.17000E+0	-8.73570E-3	133.93317E+0	0.00000E+0	0.00000E+0
84.00000E+0	-1.16000E+0	-8.73470E-3	132.80365E+0	0.00000E+0	0.00000E+0
85.00000E+0	-1.15000E+0	-8.73140E-3	131.70855E+0	0.00000E+0	0.00000E+0
86.00000E+0	-1.14000E+0	-8.73040E-3	130.57821E+0	0.00000E+0	0.00000E+0
87.00000E+0	-1.13000E+0	-8.72900E-3	129.45355E+0	0.00000E+0	0.00000E+0
88.00000E+0	-1.12000E+0	-8.72750E-3	128.32999E+0	0.00000E+0	0.00000E+0
89.00000E+0	-1.11000E+0	-8.72560E-3	127.21188E+0	0.00000E+0	0.00000E+0
90.00000E+0	-1.10000E+0	-8.72420E-3	126.08606E+0	0.00000E+0	0.00000E+0
91.00000E+0	-1.09000E+0	-8.72280E-3	124.95988E+0	0.00000E+0	0.00000E+0
92.00000E+0	-1.08000E+0	-8.71990E-3	123.85463E+0	0.00000E+0	0.00000E+0
93.00000E+0	-1.07000E+0	-8.71940E-3	122.71487E+0	0.00000E+0	0.00000E+0
94.00000E+0	-1.06000E+0	-8.71750E-3	121.59449E+0	0.00000E+0	0.00000E+0
95.00000E+0	-1.05000E+0	-8.71610E-3	120.46672E+0	0.00000E+0	0.00000E+0
96.00000E+0	-1.04000E+0	-8.71420E-3	119.34544E+0	0.00000E+0	0.00000E+0
97.00000E+0	-1.03000E+0	-8.71280E-3	118.21688E+0	0.00000E+0	0.00000E+0
98.00000E+0	-1.02000E+0	-8.71090E-3	117.09467E+0	0.00000E+0	0.00000E+0
99.00000E+0	-1.01000E+0	-8.70990E-3	115.96000E+0	0.00000E+0	0.00000E+0
100.00000E+0	-1.00000E+0	-8.70800E-3	114.83693E+0	0.00000E+0	0.00000E+0
101.00000E+0	-990.00000E-3	-8.70660E-3	113.70684E+0	0.00000E+0	0.00000E+0
102.00000E+0	-980.00000E-3	-8.70610E-3	112.56475E+0	0.00000E+0	0.00000E+0
103.00000E+0	-970.00000E-3	-8.70370E-3	111.44686E+0	0.00000E+0	0.00000E+0
104.00000E+0	-960.00000E-3	-8.70320E-3	110.30426E+0	0.00000E+0	0.00000E+0
105.00000E+0	-950.00000E-3	-8.70080E-3	109.18536E+0	0.00000E+0	0.00000E+0
106.00000E+0	-940.00000E-3	-8.69940E-3	108.05343E+0	0.00000E+0	0.00000E+0
107.00000E+0	-930.00000E-3	-8.69800E-3	106.92113E+0	0.00000E+0	0.00000E+0
108.00000E+0	-920.00000E-3	-8.69700E-3	105.78360E+0	0.00000E+0	0.00000E+0
109.00000E+0	-910.00000E-3	-8.69610E-3	104.64461E+0	0.00000E+0	0.00000E+0
110.00000E+0	-900.00000E-3	-8.69420E-3	103.51729E+0	0.00000E+0	0.00000E+0
111.00000E+0	-890.00000E-3	-8.69370E-3	102.37298E+0	0.00000E+0	0.00000E+0
112.00000E+0	-880.00000E-3	-8.69230E-3	101.23903E+0	0.00000E+0	0.00000E+0
113.00000E+0	-870.00000E-3	-8.69080E-3	100.10586E+0	0.00000E+0	0.00000E+0
114.00000E+0	-860.00000E-3	-8.68940E-3	98.97116E+0	0.00000E+0	0.00000E+0
115.00000E+0	-850.00000E-3	-8.68850E-3	97.83047E+0	0.00000E+0	0.00000E+0
116.00000E+0	-840.00000E-3	-8.68700E-3	96.69621E+0	0.00000E+0	0.00000E+0
117.00000E+0	-830.00000E-3	-8.68610E-3	95.55497E+0	0.00000E+0	0.00000E+0
118.00000E+0	-820.00000E-3	-8.68510E-3	94.41457E+0	0.00000E+0	0.00000E+0
119.00000E+0	-810.00000E-3	-8.68320E-3	93.28358E+0	0.00000E+0	0.00000E+0
120.00000E+0	-800.00000E-3	-8.68270E-3	92.13724E+0	0.00000E+0	0.00000E+0
121.00000E+0	-790.00000E-3	-8.68130E-3	91.00020E+0	0.00000E+0	0.00000E+0
122.00000E+0	-780.00000E-3	-8.68030E-3	89.85865E+0	0.00000E+0	0.00000E+0
123.00000E+0	-770.00000E-3	-8.67890E-3	88.72092E+0	0.00000E+0	0.00000E+0
124.00000E+0	-760.00000E-3	-8.67840E-3	87.57375E+0	0.00000E+0	0.00000E+0
125.00000E+0	-750.00000E-3	-8.67750E-3	86.43042E+0	0.00000E+0	0.00000E+0
126.00000E+0	-740.00000E-3	-8.67560E-3	85.29669E+0	0.00000E+0	0.00000E+0
127.00000E+0	-730.00000E-3	-8.67510E-3	84.14889E+0	0.00000E+0	0.00000E+0
128.00000E+0	-720.00000E-3	-8.67370E-3	83.00956E+0	0.00000E+0	0.00000E+0
129.00000E+0	-710.00000E-3	-8.67370E-3	81.85665E+0	0.00000E+0	0.00000E+0
130.00000E+0	-700.00000E-3	-8.67180E-3	80.72142E+0	0.00000E+0	0.00000E+0
131.00000E+0	-690.00000E-3	-8.67130E-3	79.57284E+0	0.00000E+0	0.00000E+0
132.00000E+0	-680.00000E-3	-8.66940E-3	78.43680E+0	0.00000E+0	0.00000E+0
133.00000E+0	-670.00000E-3	-8.66890E-3	77.28778E+0	0.00000E+0	0.00000E+0
134.00000E+0	-660.00000E-3	-8.66890E-3	76.13423E+0	0.00000E+0	0.00000E+0
135.00000E+0	-650.00000E-3	-8.66650E-3	75.00144E+0	0.00000E+0	0.00000E+0
136.00000E+0	-640.00000E-3	-8.66650E-3	73.84757E+0	0.00000E+0	0.00000E+0
137.00000E+0	-630.00000E-3	-8.66510E-3	72.70545E+0	0.00000E+0	0.00000E+0
138.00000E+0	-620.00000E-3	-8.66460E-3	71.55552E+0	0.00000E+0	0.00000E+0
139.00000E+0	-610.00000E-3	-8.66320E-3	70.41278E+0	0.00000E+0	0.00000E+0
140.00000E+0	-600.00000E-3	-8.66320E-3	69.25847E+0	0.00000E+0	0.00000E+0
141.00000E+0	-590.00000E-3	-8.66270E-3	68.10810E+0	0.00000E+0	0.00000E+0
142.00000E+0	-580.00000E-3	-8.66130E-3	66.96454E+0	0.00000E+0	0.00000E+0
143.00000E+0	-570.00000E-3	-8.66130E-3	65.80998E+0	0.00000E+0	0.00000E+0
144.00000E+0	-560.00000E-3	-8.65940E-3	64.66961E+0	0.00000E+0	0.00000E+0
145.00000E+0	-550.00000E-3	-8.65890E-3	63.51846E+0	0.00000E+0	0.00000E+0
146.00000E+0	-540.00000E-3	-8.65790E-3	62.37078E+0	0.00000E+0	0.00000E+0
147.00000E+0	-530.00000E-3	-8.65740E-3	61.21930E+0	0.00000E+0	0.00000E+0
148.00000E+0	-520.00000E-3	-8.65600E-3	60.07394E+0	0.00000E+0	0.00000E+0
149.00000E+0	-510.00000E-3	-8.65550E-3	58.92207E+0	0.00000E+0	0.00000E+0
150.00000E+0	-500.00000E-3	-8.65550E-3	57.76674E+0	0.00000E+0	0.00000E+0
151.00000E+0	-490.00000E-3	-8.65410E-3	56.62056E+0	0.00000E+0	0.00000E+0
152.00000E+0	-480.00000E-3	-8.65410E-3	55.46504E+0	0.00000E+0	0.00000E+0
153.00000E+0	-470.00000E-3	-8.65320E-3	54.31517E+0	0.00000E+0	0.00000E+0
154.00000E+0	-460.00000E-3	-8.65270E-3	53.16260E+0	0.00000E+0	0.00000E+0
155.00000E+0	-450.00000E-3	-8.65130E-3	52.01530E+0	0.00000E+0	0.00000E+0
156.00000E+0	-440.00000E-3	-8.65170E-3	50.85706E+0	0.00000E+0	0.00000E+0
157.00000E+0	-430.00000E-3	-8.65080E-3	49.70639E+0	0.00000E+0	0.00000E+0
158.00000E+0	-420.00000E-3	-8.64890E-3	48.56109E+0	0.00000E+0	0.00000E+0
159.00000E+0	-410.00000E-3	-8.64890E-3	47.40487E+0	0.00000E+0	0.00000E+0
160.00000E+0	-400.00000E-3	-8.64840E-3	46.25133E+0	0.00000E+0	0.00000E+0
161.00000E+0	-390.00000E-3	-8.64740E-3	45.10026E+0	0.00000E+0	0.00000E+0
162.00000E+0	-380.00000E-3	-8.64700E-3	43.94588E+0	0.00000E+0	0.00000E+0
163.00000E+0	-370.00000E-3	-8.64700E-3	42.78941E+0	0.00000E+0	0.00000E+0
164.00000E+0	-360.00000E-3	-8.64600E-3	41.63775E+0	0.00000E+0	0.00000E+0
165.00000E+0	-350.00000E-3	-8.64550E-3	40.48349E+0	0.00000E+0	0.00000E+0
166.00000E+0	-340.00000E-3	-8.64510E-3	39.32864E+0	0.00000E+0	0.00000E+0
167.00000E+0	-330.00000E-3	-8.64410E-3	38.17633E+0	0.00000E+0	0.00000E+0
168.00000E+0	-320.00000E-3	-8.64460E-3	37.01733E+0	0.00000E+0	0.00000E+0
169.00000E+0	-310.00000E-3	-8.64360E-3	35.86469E+0	0.00000E+0	0.00000E+0
170.00000E+0	-300.00000E-3	-8.64310E-3	34.70977E+0	0.00000E+0	0.00000E+0
171.00000E+0	-290.00000E-3	-8.64220E-3	33.55627E+0	0.00000E+0	0.00000E+0
172.00000E+0	-280.00000E-3	-8.64220E-3	32.39916E+0	0.00000E+0	0.00000E+0
173.00000E+0	-270.00000E-3	-8.64120E-3	31.24566E+0	0.00000E+0	0.00000E+0
174.00000E+0	-260.00000E-3	-8.64080E-3	30.08981E+0	0.00000E+0	0.00000E+0
175.00000E+0	-250.00000E-3	-8.64080E-3	28.93251E+0	0.00000E+0	0.00000E+0
176.00000E+0	-240.00000E-3	-8.63890E-3	27.78131E+0	0.00000E+0	0.00000E+0
177.00000E+0	-230.00000E-3	-8.63890E-3	26.62376E+0	0.00000E+0	0.00000E+0
178.00000E+0	-220.00000E-3	-8.63890E-3	25.46621E+0	0.00000E+0	0.00000E+0
179.00000E+0	-210.00000E-3	-8.63840E-3	24.31006E+0	0.00000E+0	0.00000E+0
180.00000E+0	-200.00000E-3	-8.63740E-3	23.15512E+0	0.00000E+0	0.00000E+0
181.00000E+0	-190.00000E-3	-8.63790E-3	21.99609E+0	0.00000E+0	0.00000E+0
182.00000E+0	-180.00000E-3	-8.63690E-3	20.84081E+0	0.00000E+0	0.00000E+0
183.00000E+0	-170.00000E-3	-8.63550E-3	19.68618E+0	0.00000E+0	0.00000E+0
184.00000E+0	-160.00000E-3	-8.63600E-3	18.52710E+0	0.00000E+0	0.00000E+0
185.00000E+0	-150.00000E-3	-8.63500E-3	17.37116E+0	0.00000E+0	0.00000E+0
186.00000E+0	-140.00000E-3	-8.63460E-3	16.21384E+0	0.00000E+0	0.00000E+0
187.00000E+0	-130.00000E-3	-8.63410E-3	15.05658E+0	0.00000E+0	0.00000E+0
188.00000E+0	-120.00000E-3	-8.63410E-3	13.89838E+0	0.00000E+0	0.00000E+0
189.00000E+0	-110.00000E-3	-8.63270E-3	12.74225E+0	0.00000E+0	0.00000E+0
190.00000E+0	-100.00000E-3	-8.63270E-3	11.58386E+0	0.00000E+0	0.00000E+0
191.00000E+0	-90.00000E-3	-8.63220E-3	10.42608E+0	0.00000E+0	0.00000E+0
192.00000E+0	-80.00000E-3	-8.63120E-3	9.26870E+0	0.00000E+0	0.00000E+0
193.00000E+0	-70.00000E-3	-8.63120E-3	8.11011E+0	0.00000E+0	0.00000E+0
194.00000E+0	-60.00000E-3	-8.63030E-3	6.95225E+0	0.00000E+0	0.00000E+0
195.00000E+0	-50.00000E-3	-8.62980E-3	5.79388E+0	0.00000E+0	0.00000E+0
196.00000E+0	-40.00000E-3	-8.62840E-3	4.63585E+0	0.00000E+0	0.00000E+0
197.00000E+0	-30.00000E-3	-8.62790E-3	3.47709E+0	0.00000E+0	0.00000E+0
198.00000E+0	-20.00000E-3	-8.62690E-3	2.31833E+0	0.00000E+0	0.00000E+0
199.00000E+0	-10.00000E-3	-8.62500E-3	1.15942E+0	0.00000E+0	0.00000E+0
200.00000E+0	0.00000E+0	-8.62410E-3	-0.00000E+0	0.00000E+0	0.00000E+0
201.00000E+0	10.00000E-3	-8.62260E-3	-1.15974E+0	0.00000E+0	0.00000E+0
202.00000E+0	20.00000E-3	-8.62030E-3	-2.32010E+0	0.00000E+0	0.00000E+0
203.00000E+0	30.00000E-3	-8.61740E-3	-3.48133E+0	0.00000E+0	0.00000E+0
204.00000E+0	40.00000E-3	-8.61550E-3	-4.64279E+0	0.00000E+0	0.00000E+0
205.00000E+0	50.00000E-3	-8.61260E-3	-5.80545E+0	0.00000E+0	0.00000E+0
206.00000E+0	60.00000E-3	-8.60980E-3	-6.96880E+0	0.00000E+0	0.00000E+0
207.00000E+0	70.00000E-3	-8.60640E-3	-8.13348E+0	0.00000E+0	0.00000E+0
208.00000E+0	80.00000E-3	-8.60120E-3	-9.30103E+0	0.00000E+0	0.00000E+0
209.00000E+0	90.00000E-3	-8.59830E-3	-10.46719E+0	0.00000E+0	0.00000E+0
210.00000E+0	100.00000E-3	-8.59310E-3	-11.63724E+0	0.00000E+0	0.00000E+0
211.00000E+0	110.00000E-3	-8.58880E-3	-12.80738E+0	0.00000E+0	0.00000E+0
212.00000E+0	120.00000E-3	-8.58310E-3	-13.98096E+0	0.00000E+0	0.00000E+0
213.00000E+0	130.00000E-3	-8.57830E-3	-15.15452E+0	0.00000E+0	0.00000E+0
214.00000E+0	140.00000E-3	-8.57160E-3	-16.33301E+0	0.00000E+0	0.00000E+0
215.00000E+0	150.00000E-3	-8.56590E-3	-17.51129E+0	0.00000E+0	0.00000E+0
216.00000E+0	160.00000E-3	-8.55970E-3	-18.69224E+0	0.00000E+0	0.00000E+0
217.00000E+0	170.00000E-3	-8.55210E-3	-19.87816E+0	0.00000E+0	0.00000E+0
218.00000E+0	180.00000E-3	-8.54490E-3	-21.06520E+0	0.00000E+0	0.00000E+0
219.00000E+0	190.00000E-3	-8.53630E-3	-22.25789E+0	0.00000E+0	0.00000E+0
220.00000E+0	200.00000E-3	-8.52870E-3	-23.45023E+0	0.00000E+0	0.00000E+0
221.00000E+0	210.00000E-3	-8.51920E-3	-24.65020E+0	0.00000E+0	0.00000E+0
222.00000E+0	220.00000E-3	-8.51010E-3	-25.85164E+0	0.00000E+0	0.00000E+0
223.00000E+0	230.00000E-3	-8.49960E-3	-27.06010E+0	0.00000E+0	0.00000E+0
224.00000E+0	240.00000E-3	-8.48820E-3	-28.27455E+0	0.00000E+0	0.00000E+0
225.00000E+0	250.00000E-3	-8.47670E-3	-29.49261E+0	0.00000E+0	0.00000E+0
226.00000E+0	260.00000E-3	-8.46240E-3	-30.72414E+0	0.00000E+0	0.00000E+0
227.00000E+0	270.00000E-3	-8.44860E-3	-31.95796E+0	0.00000E+0	0.00000E+0
228.00000E+0	280.00000E-3	-8.43240E-3	-33.20526E+0	0.00000E+0	0.00000E+0
229.00000E+0	290.00000E-3	-8.41520E-3	-34.46145E+0	0.00000E+0	0.00000E+0
230.00000E+0	300.00000E-3	-8.39520E-3	-35.73471E+0	0.00000E+0	0.00000E+0
231.00000E+0	310.00000E-3	-8.37330E-3	-37.02244E+0	0.00000E+0	0.00000E+0
232.00000E+0	320.00000E-3	-8.34940E-3	-38.32611E+0	0.00000E+0	0.00000E+0
233.00000E+0	330.00000E-3	-8.32030E-3	-39.66203E+0	0.00000E+0	0.00000E+0
234.00000E+0	340.00000E-3	-8.28790E-3	-41.02366E+0	0.00000E+0	0.00000E+0
235.00000E+0	350.00000E-3	-8.25020E-3	-42.42321E+0	0.00000E+0	0.00000E+0
236.00000E+0	360.00000E-3	-8.20540E-3	-43.87355E+0	0.00000E+0	0.00000E+0
237.00000E+0	370.00000E-3	-8.15200E-3	-45.38763E+0	0.00000E+0	0.00000E+0
238.00000E+0	380.00000E-3	-8.08760E-3	-46.98551E+0	0.00000E+0	0.00000E+0
239.00000E+0	390.00000E-3	-8.00800E-3	-48.70130E+0	0.00000E+0	0.00000E+0
240.00000E+0	400.00000E-3	-7.90690E-3	-50.58873E+0	0.00000E+0	0.00000E+0
241.00000E+0	410.00000E-3	-7.78320E-3	-52.67756E+0	0.00000E+0	0.00000E+0
242.00000E+0	420.00000E-3	-7.62200E-3	-55.10365E+0	0.00000E+0	0.00000E+0
243.00000E+0	430.00000E-3	-7.41600E-3	-57.98274E+0	0.00000E+0	0.00000E+0
244.00000E+0	440.00000E-3	-7.14660E-3	-61.56774E+0	0.00000E+0	0.00000E+0
245.00000E+0	450.00000E-3	-6.79660E-3	-66.20958E+0	0.00000E+0	0.00000E+0
246.00000E+0	460.00000E-3	-6.34550E-3	-72.49232E+0	0.00000E+0	0.00000E+0
247.00000E+0	470.00000E-3	-5.75900E-3	-81.61139E+0	0.00000E+0	0.00000E+0
248.00000E+0	480.00000E-3	-5.02510E-3	-95.52049E+0	0.00000E+0	0.00000E+0
249.00000E+0	490.00000E-3	-4.10340E-3	-119.41317E+0	0.00000E+0	0.00000E+0
250.00000E+0	500.00000E-3	-2.99200E-3	-167.11230E+0	0.00000E+0	0.00000E+0
251.00000E+0	510.00000E-3	-1.66000E-3	-307.22892E+0	0.00000E+0	0.00000E+0
252.00000E+0	520.00000E-3	-126.75000E-6	-4.10256E+3	0.00000E+0	0.00000E+0
253.00000E+0	530.00000E-3	1.65600E-3	320.04831E+0	0.00000E+0	0.00000E+0
254.00000E+0	540.00000E-3	3.60300E-3	149.87510E+0	0.00000E+0	0.00000E+0
255.00000E+0	550.00000E-3	5.73400E-3	95.91908E+0	0.00000E+0	0.00000E+0
256.00000E+0	560.00000E-3	8.03710E-3	69.67687E+0	0.00000E+0	0.00000E+0
257.00000E+0	570.00000E-3	10.47400E-3	54.42047E+0	0.00000E+0	0.00000E+0
258.00000E+0	580.00000E-3	13.06500E-3	44.39342E+0	0.00000E+0	0.00000E+0
259.00000E+0	590.00000E-3	15.77000E-3	37.41281E+0	0.00000E+0	0.00000E+0
260.00000E+0	600.00000E-3	18.57000E-3	32.31018E+0	0.00000E+0	0.00000E+0
261.00000E+0	610.00000E-3	21.47500E-3	28.40512E+0	0.00000E+0	0.00000E+0
262.00000E+0	620.00000E-3	24.46000E-3	25.34751E+0	0.00000E+0	0.00000E+0
263.00000E+0	630.00000E-3	27.51100E-3	22.89993E+0	0.00000E+0	0.00000E+0
264.00000E+0	640.00000E-3	30.64500E-3	20.88432E+0	0.00000E+0	0.00000E+0
265.00000E+0	650.00000E-3	33.81000E-3	19.22508E+0	0.00000E+0	0.00000E+0
266.00000E+0	660.00000E-3	37.06000E-3	17.80896E+0	0.00000E+0	0.00000E+0
267.00000E+0	670.00000E-3	40.33100E-3	16.61253E+0	0.00000E+0	0.00000E+0
268.00000E+0	680.00000E-3	43.66500E-3	15.57311E+0	0.00000E+0	0.00000E+0
269.00000E+0	690.00000E-3	47.01000E-3	14.67773E+0	0.00000E+0	0.00000E+0
270.00000E+0	700.00000E-3	50.43600E-3	13.87898E+0	0.00000E+0	0.00000E+0
271.00000E+0	710.00000E-3	53.87100E-3	13.17963E+0	0.00000E+0	0.00000E+0
272.00000E+0	720.00000E-3	57.33100E-3	12.55865E+0	0.00000E+0	0.00000E+0
273.00000E+0	730.00000E-3	60.85000E-3	11.99671E+0	0.00000E+0	0.00000E+0
274.00000E+0	740.00000E-3	64.33900E-3	11.50158E+0	0.00000E+0	0.00000E+0
275.00000E+0	750.00000E-3	67.91700E-3	11.04289E+0	0.00000E+0	0.00000E+0
276.00000E+0	760.00000E-3	71.44900E-3	10.63696E+0	0.00000E+0	0.00000E+0
277.00000E+0	770.00000E-3	75.04600E-3	10.26037E+0	0.00000E+0	0.00000E+0
278.00000E+0	780.00000E-3	78.64400E-3	9.91811E+0	0.00000E+0	0.00000E+0
279.00000E+0	790.00000E-3	82.29100E-3	9.60008E+0	0.00000E+0	0.00000E+0
280.00000E+0	800.00000E-3	85.97900E-3	9.30460E+0	0.00000E+0	0.00000E+0
281.00000E+0	810.00000E-3	89.62300E-3	9.03786E+0	0.00000E+0	0.00000E+0
282.00000E+0	820.00000E-3	93.33000E-3	8.78603E+0	0.00000E+0	0.00000E+0
283.00000E+0	830.00000E-3	97.00400E-3	8.55635E+0	0.00000E+0	0.00000E+0
284.00000E+0	840.00000E-3	99.98700E-3	8.40109E+0	0.00000E+0	0.00000E+0
285.00000E+0	850.00000E-3	99.98700E-3	8.50111E+0	0.00000E+0	0.00000E+0
286.00000E+0	860.00000E-3	99.98700E-3	8.60112E+0	0.00000E+0	0.00000E+0
287.00000E+0	870.00000E-3	99.98700E-3	8.70113E+0	0.00000E+0	0.00000E+0
288.00000E+0	880.00000E-3	99.98700E-3	8.80114E+0	0.00000E+0	0.00000E+0
289.00000E+0	890.00000E-3	99.98700E-3	8.90116E+0	0.00000E+0	0.00000E+0
290.00000E+0	900.00000E-3	99.98700E-3	9.00117E+0	0.00000E+0	0.00000E+0
291.00000E+0	910.00000E-3	99.98700E-3	9.10118E+0	0.00000E+0	0.00000E+0
292.00000E+0	920.00000E-3	99.98700E-3	9.20120E+0	0.00000E+0	0.00000E+0
293.00000E+0	930.00000E-3	99.98700E-3	9.30121E+0	0.00000E+0	0.00000E+0
294.00000E+0	940.00000E-3	99.98700E-3	9.40122E+0	0.00000E+0	0.00000E+0
295.00000E+0	950.00000E-3	99.98700E-3	9.50124E+0	0.00000E+0	0.00000E+0
296.00000E+0	960.00000E-3	99.98700E-3	9.60125E+0	0.00000E+0	0.00000E+0
297.00000E+0	970.00000E-3	99.98700E-3	9.70126E+0	0.00000E+0	0.00000E+0
298.00000E+0	980.00000E-3	99.98700E-3	9.80127E+0	0.00000E+0	0.00000E+0
299.00000E+0	990.00000E-3	99.98700E-3	9.90129E+0	0.00000E+0	0.00000E+0
300.00000E+0	1.00000E+0	99.98700E-3	10.00130E+0	0.00000E+0	0.00000E+0
301.00000E+0	1.01000E+0	99.98700E-3	10.10131E+0	0.00000E+0	0.00000E+0
302.00000E+0	1.02000E+0	99.98700E-3	10.20133E+0	0.00000E+0	0.00000E+0
303.00000E+0	1.03000E+0	99.98700E-3	10.30134E+0	0.00000E+0	0.00000E+0
304.00000E+0	1.04000E+0	99.98700E-3	10.40135E+0	0.00000E+0	0.00000E+0
305.00000E+0	1.05000E+0	99.98700E-3	10.50137E+0	0.00000E+0	0.00000E+0
306.00000E+0	1.06000E+0	99.98700E-3	10.60138E+0	0.00000E+0	0.00000E+0
307.00000E+0	1.07000E+0	99.98700E-3	10.70139E+0	0.00000E+0	0.00000E+0
308.00000E+0	1.08000E+0	99.98700E-3	10.80140E+0	0.00000E+0	0.00000E+0
309.00000E+0	1.09000E+0	99.98700E-3	10.90142E+0	0.00000E+0	0.00000E+0
310.00000E+0	1.10000E+0	99.98700E-3	11.00143E+0	0.00000E+0	0.00000E+0
311.00000E+0	1.11000E+0	99.98700E-3	11.10144E+0	0.00000E+0	0.00000E+0
312.00000E+0	1.12000E+0	99.98700E-3	11.20146E+0	0.00000E+0	0.00000E+0
313.00000E+0	1.13000E+0	99.98700E-3	11.30147E+0	0.00000E+0	0.00000E+0
314.00000E+0	1.14000E+0	99.98700E-3	11.40148E+0	0.00000E+0	0.00000E+0
315.00000E+0	1.15000E+0	99.98700E-3	11.50150E+0	0.00000E+0	0.00000E+0
316.00000E+0	1.16000E+0	99.98700E-3	11.60151E+0	0.00000E+0	0.00000E+0
317.00000E+0	1.17000E+0	99.98700E-3	11.70152E+0	0.00000E+0	0.00000E+0
318.00000E+0	1.18000E+0	99.98700E-3	11.80153E+0	0.00000E+0	0.00000E+0
319.00000E+0	1.19000E+0	99.98700E-3	11.90155E+0	0.00000E+0	0.00000E+0
320.00000E+0	1.20000E+0	99.98700E-3	12.00156E+0	0.00000E+0	0.00000E+0
321.00000E+0	1.21000E+0	99.98700E-3	12.10157E+0	0.00000E+0	0.00000E+0
322.00000E+0	1.22000E+0	99.98700E-3	12.20159E+0	0.00000E+0	0.00000E+0
323.00000E+0	1.23000E+0	99.98700E-3	12.30160E+0	0.00000E+0	0.00000E+0
324.00000E+0	1.24000E+0	99.98700E-3	12.40161E+0	0.00000E+0	0.00000E+0
325.00000E+0	1.25000E+0	99.98700E-3	12.50163E+0	0.00000E+0	0.00000E+0
326.00000E+0	1.26000E+0	99.98700E-3	12.60164E+0	0.00000E+0	0.00000E+0
327.00000E+0	1.27000E+0	99.98700E-3	12.70165E+0	0.00000E+0	0.00000E+0
328.00000E+0	1.28000E+0	99.98700E-3	12.80166E+0	0.00000E+0	0.00000E+0
329.00000E+0	1.29000E+0	99.98700E-3	12.90168E+0	0.00000E+0	0.00000E+0
330.00000E+0	1.30000E+0	99.98700E-3	13.00169E+0	0.00000E+0	0.00000E+0
331.00000E+0	1.31000E+0	99.98700E-3	13.10170E+0	0.00000E+0	0.00000E+0
332.00000E+0	1.32000E+0	99.98700E-3	13.20172E+0	0.00000E+0	0.00000E+0
333.00000E+0	1.33000E+0	99.98700E-3	13.30173E+0	0.00000E+0	0.00000E+0
334.00000E+0	1.34000E+0	99.98700E-3	13.40174E+0	0.00000E+0	0.00000E+0
335.00000E+0	1.35000E+0	99.98700E-3	13.50176E+0	0.00000E+0	0.00000E+0
336.00000E+0	1.36000E+0	99.98700E-3	13.60177E+0	0.00000E+0	0.00000E+0
337.00000E+0	1.37000E+0	99.98700E-3	13.70178E+0	0.00000E+0	0.00000E+0
338.00000E+0	1.38000E+0	99.98700E-3	13.80179E+0	0.00000E+0	0.00000E+0
339.00000E+0	1.39000E+0	99.98700E-3	13.90181E+0	0.00000E+0	0.00000E+0
340.00000E+0	1.40000E+0	99.98700E-3	14.00182E+0	0.00000E+0	0.00000E+0
341.00000E+0	1.41000E+0	99.98700E-3	14.10183E+0	0.00000E+0	0.00000E+0
342.00000E+0	1.42000E+0	99.98700E-3	14.20185E+0	0.00000E+0	0.00000E+0
343.00000E+0	1.43000E+0	99.98700E-3	14.30186E+0	0.00000E+0	0.00000E+0
344.00000E+0	1.44000E+0	99.97900E-3	14.40302E+0	0.00000E+0	0.00000E+0
345.00000E+0	1.45000E+0	99.98700E-3	14.50189E+0	0.00000E+0	0.00000E+0
346.00000E+0	1.46000E+0	99.98700E-3	14.60190E+0	0.00000E+0	0.00000E+0
347.00000E+0	1.47000E+0	99.98700E-3	14.70191E+0	0.00000E+0	0.00000E+0
348.00000E+0	1.48000E+0	99.98700E-3	14.80192E+0	0.00000E+0	0.00000E+0
349.00000E+0	1.49000E+0	99.98700E-3	14.90194E+0	0.00000E+0	0.00000E+0
350.00000E+0	1.50000E+0	99.98700E-3	15.00195E+0	0.00000E+0	0.00000E+0
