===========================================
MEDIDA DE VI V2.9
===========================================

DÍA: 05/11/2024
HORA INICIO: 16:36:15
HORA FINAL: 16:47:29
USUARIO: 
REF.MUESTRA: 
OBSERVACIONES: 
-------------------------------------
CONDICIONES DE MEDIDA:
SELECCIÓN DE SMU VI: HP4154B
TIEMPO DE INTEGRACIÓN VI: IT1 - SHORT
Límite de corriente (A): 1.000000E-1
-------------------------------------
Nº Ciclos de Medida: 1
Cambio de  cada ciclo: IDA
-------------------------------------
Nºmedida	VOLTAJE(volt.)	CORRIENTE(amp.)	IMPEDANCIA(ohm.)	TIEMPO(seg.)	LIMITE_I/V(0/1)

N1	V1	I1	Z1	T1	Lim1	
0.00000E+0	-2.00000E+0	-9.69740E-3	206.24085E+0	0.00000E+0	0.00000E+0
1.00000E+0	-1.99000E+0	-9.69360E-3	205.29009E+0	0.00000E+0	0.00000E+0
2.00000E+0	-1.98000E+0	-9.69320E-3	204.26691E+0	0.00000E+0	0.00000E+0
3.00000E+0	-1.97000E+0	-9.68980E-3	203.30657E+0	0.00000E+0	0.00000E+0
4.00000E+0	-1.96000E+0	-9.68700E-3	202.33302E+0	0.00000E+0	0.00000E+0
5.00000E+0	-1.95000E+0	-9.68270E-3	201.39011E+0	0.00000E+0	0.00000E+0
6.00000E+0	-1.94000E+0	-9.67880E-3	200.43807E+0	0.00000E+0	0.00000E+0
7.00000E+0	-1.93000E+0	-9.68030E-3	199.37399E+0	0.00000E+0	0.00000E+0
8.00000E+0	-1.92000E+0	-9.67500E-3	198.44961E+0	0.00000E+0	0.00000E+0
9.00000E+0	-1.91000E+0	-9.67450E-3	197.42622E+0	0.00000E+0	0.00000E+0
10.00000E+0	-1.90000E+0	-9.66840E-3	196.51649E+0	0.00000E+0	0.00000E+0
11.00000E+0	-1.89000E+0	-9.66840E-3	195.48219E+0	0.00000E+0	0.00000E+0
12.00000E+0	-1.88000E+0	-9.66500E-3	194.51630E+0	0.00000E+0	0.00000E+0
13.00000E+0	-1.87000E+0	-9.66120E-3	193.55774E+0	0.00000E+0	0.00000E+0
14.00000E+0	-1.86000E+0	-9.66070E-3	192.53263E+0	0.00000E+0	0.00000E+0
15.00000E+0	-1.85000E+0	-9.65550E-3	191.60064E+0	0.00000E+0	0.00000E+0
16.00000E+0	-1.84000E+0	-9.65400E-3	190.59457E+0	0.00000E+0	0.00000E+0
17.00000E+0	-1.83000E+0	-9.65120E-3	189.61373E+0	0.00000E+0	0.00000E+0
18.00000E+0	-1.82000E+0	-9.64980E-3	188.60495E+0	0.00000E+0	0.00000E+0
19.00000E+0	-1.81000E+0	-9.64360E-3	187.68924E+0	0.00000E+0	0.00000E+0
20.00000E+0	-1.80000E+0	-9.64260E-3	186.67164E+0	0.00000E+0	0.00000E+0
21.00000E+0	-1.79000E+0	-9.64310E-3	185.62495E+0	0.00000E+0	0.00000E+0
22.00000E+0	-1.78000E+0	-9.63690E-3	184.70670E+0	0.00000E+0	0.00000E+0
23.00000E+0	-1.77000E+0	-9.63590E-3	183.68808E+0	0.00000E+0	0.00000E+0
24.00000E+0	-1.76000E+0	-9.63120E-3	182.73943E+0	0.00000E+0	0.00000E+0
25.00000E+0	-1.75000E+0	-9.63120E-3	181.70114E+0	0.00000E+0	0.00000E+0
26.00000E+0	-1.74000E+0	-9.62690E-3	180.74354E+0	0.00000E+0	0.00000E+0
27.00000E+0	-1.73000E+0	-9.62540E-3	179.73279E+0	0.00000E+0	0.00000E+0
28.00000E+0	-1.72000E+0	-9.62350E-3	178.72915E+0	0.00000E+0	0.00000E+0
29.00000E+0	-1.71000E+0	-9.61830E-3	177.78610E+0	0.00000E+0	0.00000E+0
30.00000E+0	-1.70000E+0	-9.61830E-3	176.74641E+0	0.00000E+0	0.00000E+0
31.00000E+0	-1.69000E+0	-9.61350E-3	175.79446E+0	0.00000E+0	0.00000E+0
32.00000E+0	-1.68000E+0	-9.61260E-3	174.77061E+0	0.00000E+0	0.00000E+0
33.00000E+0	-1.67000E+0	-9.60920E-3	173.79178E+0	0.00000E+0	0.00000E+0
34.00000E+0	-1.66000E+0	-9.60880E-3	172.75830E+0	0.00000E+0	0.00000E+0
35.00000E+0	-1.65000E+0	-9.60300E-3	171.82131E+0	0.00000E+0	0.00000E+0
36.00000E+0	-1.64000E+0	-9.60060E-3	170.82266E+0	0.00000E+0	0.00000E+0
37.00000E+0	-1.63000E+0	-9.60110E-3	169.77221E+0	0.00000E+0	0.00000E+0
38.00000E+0	-1.62000E+0	-9.59540E-3	168.83090E+0	0.00000E+0	0.00000E+0
39.00000E+0	-1.61000E+0	-9.59440E-3	167.80622E+0	0.00000E+0	0.00000E+0
40.00000E+0	-1.60000E+0	-9.59160E-3	166.81263E+0	0.00000E+0	0.00000E+0
41.00000E+0	-1.59000E+0	-9.59110E-3	165.77869E+0	0.00000E+0	0.00000E+0
42.00000E+0	-1.58000E+0	-9.58540E-3	164.83402E+0	0.00000E+0	0.00000E+0
43.00000E+0	-1.57000E+0	-9.58680E-3	163.76685E+0	0.00000E+0	0.00000E+0
44.00000E+0	-1.56000E+0	-9.58300E-3	162.78827E+0	0.00000E+0	0.00000E+0
45.00000E+0	-1.55000E+0	-9.57870E-3	161.81737E+0	0.00000E+0	0.00000E+0
46.00000E+0	-1.54000E+0	-9.57920E-3	160.76499E+0	0.00000E+0	0.00000E+0
47.00000E+0	-1.53000E+0	-9.57440E-3	159.80114E+0	0.00000E+0	0.00000E+0
48.00000E+0	-1.52000E+0	-9.57350E-3	158.77161E+0	0.00000E+0	0.00000E+0
49.00000E+0	-1.51000E+0	-9.57110E-3	157.76661E+0	0.00000E+0	0.00000E+0
50.00000E+0	-1.50000E+0	-9.57010E-3	156.73817E+0	0.00000E+0	0.00000E+0
51.00000E+0	-1.49000E+0	-9.56390E-3	155.79418E+0	0.00000E+0	0.00000E+0
52.00000E+0	-1.48000E+0	-9.56300E-3	154.76315E+0	0.00000E+0	0.00000E+0
53.00000E+0	-1.47000E+0	-9.56300E-3	153.71745E+0	0.00000E+0	0.00000E+0
54.00000E+0	-1.46000E+0	-9.55770E-3	152.75642E+0	0.00000E+0	0.00000E+0
55.00000E+0	-1.45000E+0	-9.55820E-3	151.70220E+0	0.00000E+0	0.00000E+0
56.00000E+0	-1.44000E+0	-9.55340E-3	150.73168E+0	0.00000E+0	0.00000E+0
57.00000E+0	-1.43000E+0	-9.55390E-3	149.67710E+0	0.00000E+0	0.00000E+0
58.00000E+0	-1.42000E+0	-9.54910E-3	148.70511E+0	0.00000E+0	0.00000E+0
59.00000E+0	-1.41000E+0	-9.55060E-3	147.63470E+0	0.00000E+0	0.00000E+0
60.00000E+0	-1.40000E+0	-9.54680E-3	146.64600E+0	0.00000E+0	0.00000E+0
61.00000E+0	-1.39000E+0	-9.54250E-3	145.66413E+0	0.00000E+0	0.00000E+0
62.00000E+0	-1.38000E+0	-9.54390E-3	144.59498E+0	0.00000E+0	0.00000E+0
63.00000E+0	-1.37000E+0	-9.53960E-3	143.61189E+0	0.00000E+0	0.00000E+0
64.00000E+0	-1.36000E+0	-9.53870E-3	142.57708E+0	0.00000E+0	0.00000E+0
65.00000E+0	-1.35000E+0	-9.53580E-3	141.57176E+0	0.00000E+0	0.00000E+0
66.00000E+0	-1.34000E+0	-9.53390E-3	140.55109E+0	0.00000E+0	0.00000E+0
67.00000E+0	-1.33000E+0	-9.52960E-3	139.56514E+0	0.00000E+0	0.00000E+0
68.00000E+0	-1.32000E+0	-9.52960E-3	138.51578E+0	0.00000E+0	0.00000E+0
69.00000E+0	-1.31000E+0	-9.52770E-3	137.49383E+0	0.00000E+0	0.00000E+0
70.00000E+0	-1.30000E+0	-9.52340E-3	136.50587E+0	0.00000E+0	0.00000E+0
71.00000E+0	-1.29000E+0	-9.52390E-3	135.44871E+0	0.00000E+0	0.00000E+0
72.00000E+0	-1.28000E+0	-9.52050E-3	134.44672E+0	0.00000E+0	0.00000E+0
73.00000E+0	-1.27000E+0	-9.52050E-3	133.39636E+0	0.00000E+0	0.00000E+0
74.00000E+0	-1.26000E+0	-9.51720E-3	132.39188E+0	0.00000E+0	0.00000E+0
75.00000E+0	-1.25000E+0	-9.51810E-3	131.32873E+0	0.00000E+0	0.00000E+0
76.00000E+0	-1.24000E+0	-9.51390E-3	130.33561E+0	0.00000E+0	0.00000E+0
77.00000E+0	-1.23000E+0	-9.51100E-3	129.32394E+0	0.00000E+0	0.00000E+0
78.00000E+0	-1.22000E+0	-9.51240E-3	128.25365E+0	0.00000E+0	0.00000E+0
79.00000E+0	-1.21000E+0	-9.50720E-3	127.27196E+0	0.00000E+0	0.00000E+0
80.00000E+0	-1.20000E+0	-9.50770E-3	126.21349E+0	0.00000E+0	0.00000E+0
81.00000E+0	-1.19000E+0	-9.50380E-3	125.21307E+0	0.00000E+0	0.00000E+0
82.00000E+0	-1.18000E+0	-9.50480E-3	124.14780E+0	0.00000E+0	0.00000E+0
83.00000E+0	-1.17000E+0	-9.50000E-3	123.15789E+0	0.00000E+0	0.00000E+0
84.00000E+0	-1.16000E+0	-9.50150E-3	122.08599E+0	0.00000E+0	0.00000E+0
85.00000E+0	-1.15000E+0	-9.49810E-3	121.07685E+0	0.00000E+0	0.00000E+0
86.00000E+0	-1.14000E+0	-9.49530E-3	120.05940E+0	0.00000E+0	0.00000E+0
87.00000E+0	-1.13000E+0	-9.49570E-3	119.00123E+0	0.00000E+0	0.00000E+0
88.00000E+0	-1.12000E+0	-9.49190E-3	117.99534E+0	0.00000E+0	0.00000E+0
89.00000E+0	-1.11000E+0	-9.49140E-3	116.94797E+0	0.00000E+0	0.00000E+0
90.00000E+0	-1.10000E+0	-9.48910E-3	115.92248E+0	0.00000E+0	0.00000E+0
91.00000E+0	-1.09000E+0	-9.48810E-3	114.88075E+0	0.00000E+0	0.00000E+0
92.00000E+0	-1.08000E+0	-9.48330E-3	113.88441E+0	0.00000E+0	0.00000E+0
93.00000E+0	-1.07000E+0	-9.48480E-3	112.81208E+0	0.00000E+0	0.00000E+0
94.00000E+0	-1.06000E+0	-9.48240E-3	111.78605E+0	0.00000E+0	0.00000E+0
95.00000E+0	-1.05000E+0	-9.47860E-3	110.77585E+0	0.00000E+0	0.00000E+0
96.00000E+0	-1.04000E+0	-9.48050E-3	109.69886E+0	0.00000E+0	0.00000E+0
97.00000E+0	-1.03000E+0	-9.47620E-3	108.69336E+0	0.00000E+0	0.00000E+0
98.00000E+0	-1.02000E+0	-9.47620E-3	107.63808E+0	0.00000E+0	0.00000E+0
99.00000E+0	-1.01000E+0	-9.47240E-3	106.62556E+0	0.00000E+0	0.00000E+0
100.00000E+0	-1.00000E+0	-9.47380E-3	105.55427E+0	0.00000E+0	0.00000E+0
101.00000E+0	-990.00000E-3	-9.47000E-3	104.54065E+0	0.00000E+0	0.00000E+0
102.00000E+0	-980.00000E-3	-9.47090E-3	103.47485E+0	0.00000E+0	0.00000E+0
103.00000E+0	-970.00000E-3	-9.47000E-3	102.42872E+0	0.00000E+0	0.00000E+0
104.00000E+0	-960.00000E-3	-9.46430E-3	101.43381E+0	0.00000E+0	0.00000E+0
105.00000E+0	-950.00000E-3	-9.46670E-3	100.35176E+0	0.00000E+0	0.00000E+0
106.00000E+0	-940.00000E-3	-9.46430E-3	99.32060E+0	0.00000E+0	0.00000E+0
107.00000E+0	-930.00000E-3	-9.46330E-3	98.27439E+0	0.00000E+0	0.00000E+0
108.00000E+0	-920.00000E-3	-9.46040E-3	97.24747E+0	0.00000E+0	0.00000E+0
109.00000E+0	-910.00000E-3	-9.46140E-3	96.18027E+0	0.00000E+0	0.00000E+0
110.00000E+0	-900.00000E-3	-9.45760E-3	95.16156E+0	0.00000E+0	0.00000E+0
111.00000E+0	-890.00000E-3	-9.45660E-3	94.11416E+0	0.00000E+0	0.00000E+0
112.00000E+0	-880.00000E-3	-9.45760E-3	93.04686E+0	0.00000E+0	0.00000E+0
113.00000E+0	-870.00000E-3	-9.45380E-3	92.02649E+0	0.00000E+0	0.00000E+0
114.00000E+0	-860.00000E-3	-9.45420E-3	90.96486E+0	0.00000E+0	0.00000E+0
115.00000E+0	-850.00000E-3	-9.45090E-3	89.93852E+0	0.00000E+0	0.00000E+0
116.00000E+0	-840.00000E-3	-9.45040E-3	88.88513E+0	0.00000E+0	0.00000E+0
117.00000E+0	-830.00000E-3	-9.44810E-3	87.84835E+0	0.00000E+0	0.00000E+0
118.00000E+0	-820.00000E-3	-9.44950E-3	86.77708E+0	0.00000E+0	0.00000E+0
119.00000E+0	-810.00000E-3	-9.44850E-3	85.72789E+0	0.00000E+0	0.00000E+0
120.00000E+0	-800.00000E-3	-9.44420E-3	84.70807E+0	0.00000E+0	0.00000E+0
121.00000E+0	-790.00000E-3	-9.44520E-3	83.64037E+0	0.00000E+0	0.00000E+0
122.00000E+0	-780.00000E-3	-9.44330E-3	82.59824E+0	0.00000E+0	0.00000E+0
123.00000E+0	-770.00000E-3	-9.44380E-3	81.53498E+0	0.00000E+0	0.00000E+0
124.00000E+0	-760.00000E-3	-9.43900E-3	80.51700E+0	0.00000E+0	0.00000E+0
125.00000E+0	-750.00000E-3	-9.44330E-3	79.42139E+0	0.00000E+0	0.00000E+0
126.00000E+0	-740.00000E-3	-9.43850E-3	78.40229E+0	0.00000E+0	0.00000E+0
127.00000E+0	-730.00000E-3	-9.43800E-3	77.34690E+0	0.00000E+0	0.00000E+0
128.00000E+0	-720.00000E-3	-9.43850E-3	76.28331E+0	0.00000E+0	0.00000E+0
129.00000E+0	-710.00000E-3	-9.43420E-3	75.25810E+0	0.00000E+0	0.00000E+0
130.00000E+0	-700.00000E-3	-9.43570E-3	74.18633E+0	0.00000E+0	0.00000E+0
131.00000E+0	-690.00000E-3	-9.43330E-3	73.14513E+0	0.00000E+0	0.00000E+0
132.00000E+0	-680.00000E-3	-9.43420E-3	72.07818E+0	0.00000E+0	0.00000E+0
133.00000E+0	-670.00000E-3	-9.43040E-3	71.04683E+0	0.00000E+0	0.00000E+0
134.00000E+0	-660.00000E-3	-9.43090E-3	69.98272E+0	0.00000E+0	0.00000E+0
135.00000E+0	-650.00000E-3	-9.42990E-3	68.92968E+0	0.00000E+0	0.00000E+0
136.00000E+0	-640.00000E-3	-9.42710E-3	67.88938E+0	0.00000E+0	0.00000E+0
137.00000E+0	-630.00000E-3	-9.42900E-3	66.81514E+0	0.00000E+0	0.00000E+0
138.00000E+0	-620.00000E-3	-9.42610E-3	65.77482E+0	0.00000E+0	0.00000E+0
139.00000E+0	-610.00000E-3	-9.42710E-3	64.70707E+0	0.00000E+0	0.00000E+0
140.00000E+0	-600.00000E-3	-9.42420E-3	63.66588E+0	0.00000E+0	0.00000E+0
141.00000E+0	-590.00000E-3	-9.42560E-3	62.59548E+0	0.00000E+0	0.00000E+0
142.00000E+0	-580.00000E-3	-9.42230E-3	61.55610E+0	0.00000E+0	0.00000E+0
143.00000E+0	-570.00000E-3	-9.42370E-3	60.48580E+0	0.00000E+0	0.00000E+0
144.00000E+0	-560.00000E-3	-9.42330E-3	59.42716E+0	0.00000E+0	0.00000E+0
145.00000E+0	-550.00000E-3	-9.41850E-3	58.39571E+0	0.00000E+0	0.00000E+0
146.00000E+0	-540.00000E-3	-9.42130E-3	57.31693E+0	0.00000E+0	0.00000E+0
147.00000E+0	-530.00000E-3	-9.41850E-3	56.27223E+0	0.00000E+0	0.00000E+0
148.00000E+0	-520.00000E-3	-9.41900E-3	55.20756E+0	0.00000E+0	0.00000E+0
149.00000E+0	-510.00000E-3	-9.41710E-3	54.15680E+0	0.00000E+0	0.00000E+0
150.00000E+0	-500.00000E-3	-9.41750E-3	53.09265E+0	0.00000E+0	0.00000E+0
151.00000E+0	-490.00000E-3	-9.41510E-3	52.04406E+0	0.00000E+0	0.00000E+0
152.00000E+0	-480.00000E-3	-9.41510E-3	50.98193E+0	0.00000E+0	0.00000E+0
153.00000E+0	-470.00000E-3	-9.41560E-3	49.91716E+0	0.00000E+0	0.00000E+0
154.00000E+0	-460.00000E-3	-9.41130E-3	48.87741E+0	0.00000E+0	0.00000E+0
155.00000E+0	-450.00000E-3	-9.41420E-3	47.80013E+0	0.00000E+0	0.00000E+0
156.00000E+0	-440.00000E-3	-9.41230E-3	46.74734E+0	0.00000E+0	0.00000E+0
157.00000E+0	-430.00000E-3	-9.41230E-3	45.68490E+0	0.00000E+0	0.00000E+0
158.00000E+0	-420.00000E-3	-9.40900E-3	44.63811E+0	0.00000E+0	0.00000E+0
159.00000E+0	-410.00000E-3	-9.41130E-3	43.56465E+0	0.00000E+0	0.00000E+0
160.00000E+0	-400.00000E-3	-9.40850E-3	42.51475E+0	0.00000E+0	0.00000E+0
161.00000E+0	-390.00000E-3	-9.40750E-3	41.45628E+0	0.00000E+0	0.00000E+0
162.00000E+0	-380.00000E-3	-9.40940E-3	40.38515E+0	0.00000E+0	0.00000E+0
163.00000E+0	-370.00000E-3	-9.40610E-3	39.33618E+0	0.00000E+0	0.00000E+0
164.00000E+0	-360.00000E-3	-9.40750E-3	38.26734E+0	0.00000E+0	0.00000E+0
165.00000E+0	-350.00000E-3	-9.40510E-3	37.21385E+0	0.00000E+0	0.00000E+0
166.00000E+0	-340.00000E-3	-9.40560E-3	36.14868E+0	0.00000E+0	0.00000E+0
167.00000E+0	-330.00000E-3	-9.40370E-3	35.09257E+0	0.00000E+0	0.00000E+0
168.00000E+0	-320.00000E-3	-9.40510E-3	34.02409E+0	0.00000E+0	0.00000E+0
169.00000E+0	-310.00000E-3	-9.40320E-3	32.96750E+0	0.00000E+0	0.00000E+0
170.00000E+0	-300.00000E-3	-9.40040E-3	31.91354E+0	0.00000E+0	0.00000E+0
171.00000E+0	-290.00000E-3	-9.40370E-3	30.83893E+0	0.00000E+0	0.00000E+0
172.00000E+0	-280.00000E-3	-9.39940E-3	29.78914E+0	0.00000E+0	0.00000E+0
173.00000E+0	-270.00000E-3	-9.40040E-3	28.72218E+0	0.00000E+0	0.00000E+0
174.00000E+0	-260.00000E-3	-9.39940E-3	27.66134E+0	0.00000E+0	0.00000E+0
175.00000E+0	-250.00000E-3	-9.39940E-3	26.59744E+0	0.00000E+0	0.00000E+0
176.00000E+0	-240.00000E-3	-9.39700E-3	25.54007E+0	0.00000E+0	0.00000E+0
177.00000E+0	-230.00000E-3	-9.39890E-3	24.47095E+0	0.00000E+0	0.00000E+0
178.00000E+0	-220.00000E-3	-9.39700E-3	23.41173E+0	0.00000E+0	0.00000E+0
179.00000E+0	-210.00000E-3	-9.39560E-3	22.35089E+0	0.00000E+0	0.00000E+0
180.00000E+0	-200.00000E-3	-9.39700E-3	21.28339E+0	0.00000E+0	0.00000E+0
181.00000E+0	-190.00000E-3	-9.39370E-3	20.22632E+0	0.00000E+0	0.00000E+0
182.00000E+0	-180.00000E-3	-9.39560E-3	19.15790E+0	0.00000E+0	0.00000E+0
183.00000E+0	-170.00000E-3	-9.39270E-3	18.09916E+0	0.00000E+0	0.00000E+0
184.00000E+0	-160.00000E-3	-9.39460E-3	17.03106E+0	0.00000E+0	0.00000E+0
185.00000E+0	-150.00000E-3	-9.39040E-3	15.97376E+0	0.00000E+0	0.00000E+0
186.00000E+0	-140.00000E-3	-9.39180E-3	14.90662E+0	0.00000E+0	0.00000E+0
187.00000E+0	-130.00000E-3	-9.39270E-3	13.84054E+0	0.00000E+0	0.00000E+0
188.00000E+0	-120.00000E-3	-9.38890E-3	12.78105E+0	0.00000E+0	0.00000E+0
189.00000E+0	-110.00000E-3	-9.39040E-3	11.71409E+0	0.00000E+0	0.00000E+0
190.00000E+0	-100.00000E-3	-9.38890E-3	10.65087E+0	0.00000E+0	0.00000E+0
191.00000E+0	-90.00000E-3	-9.38890E-3	9.58579E+0	0.00000E+0	0.00000E+0
192.00000E+0	-80.00000E-3	-9.38700E-3	8.52242E+0	0.00000E+0	0.00000E+0
193.00000E+0	-70.00000E-3	-9.38850E-3	7.45593E+0	0.00000E+0	0.00000E+0
194.00000E+0	-60.00000E-3	-9.38610E-3	6.39243E+0	0.00000E+0	0.00000E+0
195.00000E+0	-50.00000E-3	-9.38370E-3	5.32839E+0	0.00000E+0	0.00000E+0
196.00000E+0	-40.00000E-3	-9.38610E-3	4.26162E+0	0.00000E+0	0.00000E+0
197.00000E+0	-30.00000E-3	-9.38180E-3	3.19768E+0	0.00000E+0	0.00000E+0
198.00000E+0	-20.00000E-3	-9.38270E-3	2.13158E+0	0.00000E+0	0.00000E+0
199.00000E+0	-10.00000E-3	-9.37990E-3	1.06611E+0	0.00000E+0	0.00000E+0
200.00000E+0	0.00000E+0	-9.37990E-3	-0.00000E+0	0.00000E+0	0.00000E+0
201.00000E+0	10.00000E-3	-9.37560E-3	-1.06660E+0	0.00000E+0	0.00000E+0
202.00000E+0	20.00000E-3	-9.37510E-3	-2.13331E+0	0.00000E+0	0.00000E+0
203.00000E+0	30.00000E-3	-9.37320E-3	-3.20061E+0	0.00000E+0	0.00000E+0
204.00000E+0	40.00000E-3	-9.36750E-3	-4.27008E+0	0.00000E+0	0.00000E+0
205.00000E+0	50.00000E-3	-9.36750E-3	-5.33760E+0	0.00000E+0	0.00000E+0
206.00000E+0	60.00000E-3	-9.36220E-3	-6.40875E+0	0.00000E+0	0.00000E+0
207.00000E+0	70.00000E-3	-9.36080E-3	-7.47799E+0	0.00000E+0	0.00000E+0
208.00000E+0	80.00000E-3	-9.35360E-3	-8.55286E+0	0.00000E+0	0.00000E+0
209.00000E+0	90.00000E-3	-9.35170E-3	-9.62392E+0	0.00000E+0	0.00000E+0
210.00000E+0	100.00000E-3	-9.34460E-3	-10.70137E+0	0.00000E+0	0.00000E+0
211.00000E+0	110.00000E-3	-9.33980E-3	-11.77755E+0	0.00000E+0	0.00000E+0
212.00000E+0	120.00000E-3	-9.33650E-3	-12.85278E+0	0.00000E+0	0.00000E+0
213.00000E+0	130.00000E-3	-9.32650E-3	-13.93878E+0	0.00000E+0	0.00000E+0
214.00000E+0	140.00000E-3	-9.32410E-3	-15.01485E+0	0.00000E+0	0.00000E+0
215.00000E+0	150.00000E-3	-9.31550E-3	-16.10220E+0	0.00000E+0	0.00000E+0
216.00000E+0	160.00000E-3	-9.31020E-3	-17.18545E+0	0.00000E+0	0.00000E+0
217.00000E+0	170.00000E-3	-9.30120E-3	-18.27721E+0	0.00000E+0	0.00000E+0
218.00000E+0	180.00000E-3	-9.29590E-3	-19.36338E+0	0.00000E+0	0.00000E+0
219.00000E+0	190.00000E-3	-9.28640E-3	-20.46003E+0	0.00000E+0	0.00000E+0
220.00000E+0	200.00000E-3	-9.27500E-3	-21.56334E+0	0.00000E+0	0.00000E+0
221.00000E+0	210.00000E-3	-9.26920E-3	-22.65568E+0	0.00000E+0	0.00000E+0
222.00000E+0	220.00000E-3	-9.25540E-3	-23.76991E+0	0.00000E+0	0.00000E+0
223.00000E+0	230.00000E-3	-9.24730E-3	-24.87212E+0	0.00000E+0	0.00000E+0
224.00000E+0	240.00000E-3	-9.23300E-3	-25.99372E+0	0.00000E+0	0.00000E+0
225.00000E+0	250.00000E-3	-9.22300E-3	-27.10615E+0	0.00000E+0	0.00000E+0
226.00000E+0	260.00000E-3	-9.20730E-3	-28.23846E+0	0.00000E+0	0.00000E+0
227.00000E+0	270.00000E-3	-9.19390E-3	-29.36730E+0	0.00000E+0	0.00000E+0
228.00000E+0	280.00000E-3	-9.17860E-3	-30.50574E+0	0.00000E+0	0.00000E+0
229.00000E+0	290.00000E-3	-9.15670E-3	-31.67080E+0	0.00000E+0	0.00000E+0
230.00000E+0	300.00000E-3	-9.14000E-3	-32.82276E+0	0.00000E+0	0.00000E+0
231.00000E+0	310.00000E-3	-9.11570E-3	-34.00726E+0	0.00000E+0	0.00000E+0
232.00000E+0	320.00000E-3	-9.09140E-3	-35.19810E+0	0.00000E+0	0.00000E+0
233.00000E+0	330.00000E-3	-9.06130E-3	-36.41862E+0	0.00000E+0	0.00000E+0
234.00000E+0	340.00000E-3	-9.03130E-3	-37.64685E+0	0.00000E+0	0.00000E+0
235.00000E+0	350.00000E-3	-8.98930E-3	-38.93518E+0	0.00000E+0	0.00000E+0
236.00000E+0	360.00000E-3	-8.94550E-3	-40.24370E+0	0.00000E+0	0.00000E+0
237.00000E+0	370.00000E-3	-8.89210E-3	-41.60997E+0	0.00000E+0	0.00000E+0
238.00000E+0	380.00000E-3	-8.82430E-3	-43.06291E+0	0.00000E+0	0.00000E+0
239.00000E+0	390.00000E-3	-8.74710E-3	-44.58621E+0	0.00000E+0	0.00000E+0
240.00000E+0	400.00000E-3	-8.64650E-3	-46.26149E+0	0.00000E+0	0.00000E+0
241.00000E+0	410.00000E-3	-8.52300E-3	-48.10513E+0	0.00000E+0	0.00000E+0
242.00000E+0	420.00000E-3	-8.35900E-3	-50.24524E+0	0.00000E+0	0.00000E+0
243.00000E+0	430.00000E-3	-8.15340E-3	-52.73873E+0	0.00000E+0	0.00000E+0
244.00000E+0	440.00000E-3	-7.88400E-3	-55.80923E+0	0.00000E+0	0.00000E+0
245.00000E+0	450.00000E-3	-7.53040E-3	-59.75778E+0	0.00000E+0	0.00000E+0
246.00000E+0	460.00000E-3	-7.07600E-3	-65.00848E+0	0.00000E+0	0.00000E+0
247.00000E+0	470.00000E-3	-6.47540E-3	-72.58239E+0	0.00000E+0	0.00000E+0
248.00000E+0	480.00000E-3	-5.71750E-3	-83.95278E+0	0.00000E+0	0.00000E+0
249.00000E+0	490.00000E-3	-4.75690E-3	-103.00826E+0	0.00000E+0	0.00000E+0
250.00000E+0	500.00000E-3	-3.58310E-3	-139.54397E+0	0.00000E+0	0.00000E+0
251.00000E+0	510.00000E-3	-2.15400E-3	-236.76880E+0	0.00000E+0	0.00000E+0
252.00000E+0	520.00000E-3	-496.60000E-6	-1.04712E+3	0.00000E+0	0.00000E+0
253.00000E+0	530.00000E-3	1.42100E-3	372.97678E+0	0.00000E+0	0.00000E+0
254.00000E+0	540.00000E-3	3.56510E-3	151.46840E+0	0.00000E+0	0.00000E+0
255.00000E+0	550.00000E-3	5.93400E-3	92.68622E+0	0.00000E+0	0.00000E+0
256.00000E+0	560.00000E-3	8.50150E-3	65.87073E+0	0.00000E+0	0.00000E+0
257.00000E+0	570.00000E-3	11.28500E-3	50.50953E+0	0.00000E+0	0.00000E+0
258.00000E+0	580.00000E-3	14.19000E-3	40.87385E+0	0.00000E+0	0.00000E+0
259.00000E+0	590.00000E-3	17.26100E-3	34.18110E+0	0.00000E+0	0.00000E+0
260.00000E+0	600.00000E-3	20.43100E-3	29.36714E+0	0.00000E+0	0.00000E+0
261.00000E+0	610.00000E-3	23.75000E-3	25.68421E+0	0.00000E+0	0.00000E+0
262.00000E+0	620.00000E-3	27.13500E-3	22.84872E+0	0.00000E+0	0.00000E+0
263.00000E+0	630.00000E-3	30.64100E-3	20.56069E+0	0.00000E+0	0.00000E+0
264.00000E+0	640.00000E-3	34.20100E-3	18.71290E+0	0.00000E+0	0.00000E+0
265.00000E+0	650.00000E-3	37.84600E-3	17.17487E+0	0.00000E+0	0.00000E+0
266.00000E+0	660.00000E-3	41.54600E-3	15.88601E+0	0.00000E+0	0.00000E+0
267.00000E+0	670.00000E-3	45.31100E-3	14.78670E+0	0.00000E+0	0.00000E+0
268.00000E+0	680.00000E-3	49.12600E-3	13.84196E+0	0.00000E+0	0.00000E+0
269.00000E+0	690.00000E-3	52.94000E-3	13.03362E+0	0.00000E+0	0.00000E+0
270.00000E+0	700.00000E-3	56.90000E-3	12.30228E+0	0.00000E+0	0.00000E+0
271.00000E+0	710.00000E-3	60.82000E-3	11.67379E+0	0.00000E+0	0.00000E+0
272.00000E+0	720.00000E-3	64.78500E-3	11.11368E+0	0.00000E+0	0.00000E+0
273.00000E+0	730.00000E-3	68.82100E-3	10.60723E+0	0.00000E+0	0.00000E+0
274.00000E+0	740.00000E-3	72.81500E-3	10.16274E+0	0.00000E+0	0.00000E+0
275.00000E+0	750.00000E-3	76.87400E-3	9.75622E+0	0.00000E+0	0.00000E+0
276.00000E+0	760.00000E-3	80.98200E-3	9.38480E+0	0.00000E+0	0.00000E+0
277.00000E+0	770.00000E-3	85.12100E-3	9.04595E+0	0.00000E+0	0.00000E+0
278.00000E+0	780.00000E-3	89.23000E-3	8.74145E+0	0.00000E+0	0.00000E+0
279.00000E+0	790.00000E-3	93.39900E-3	8.45833E+0	0.00000E+0	0.00000E+0
280.00000E+0	800.00000E-3	97.57600E-3	8.19874E+0	0.00000E+0	0.00000E+0
281.00000E+0	810.00000E-3	99.99100E-3	8.10073E+0	0.00000E+0	0.00000E+0
282.00000E+0	820.00000E-3	99.99100E-3	8.20074E+0	0.00000E+0	0.00000E+0
283.00000E+0	830.00000E-3	99.99100E-3	8.30075E+0	0.00000E+0	0.00000E+0
284.00000E+0	840.00000E-3	99.99500E-3	8.40042E+0	0.00000E+0	0.00000E+0
285.00000E+0	850.00000E-3	99.99100E-3	8.50077E+0	0.00000E+0	0.00000E+0
286.00000E+0	860.00000E-3	99.99100E-3	8.60077E+0	0.00000E+0	0.00000E+0
287.00000E+0	870.00000E-3	99.99500E-3	8.70044E+0	0.00000E+0	0.00000E+0
288.00000E+0	880.00000E-3	99.99100E-3	8.80079E+0	0.00000E+0	0.00000E+0
289.00000E+0	890.00000E-3	99.99100E-3	8.90080E+0	0.00000E+0	0.00000E+0
290.00000E+0	900.00000E-3	99.99500E-3	9.00045E+0	0.00000E+0	0.00000E+0
291.00000E+0	910.00000E-3	99.99500E-3	9.10046E+0	0.00000E+0	0.00000E+0
292.00000E+0	920.00000E-3	99.99100E-3	9.20083E+0	0.00000E+0	0.00000E+0
293.00000E+0	930.00000E-3	99.99500E-3	9.30047E+0	0.00000E+0	0.00000E+0
294.00000E+0	940.00000E-3	99.99100E-3	9.40085E+0	0.00000E+0	0.00000E+0
295.00000E+0	950.00000E-3	99.99100E-3	9.50086E+0	0.00000E+0	0.00000E+0
296.00000E+0	960.00000E-3	99.99100E-3	9.60086E+0	0.00000E+0	0.00000E+0
297.00000E+0	970.00000E-3	99.99100E-3	9.70087E+0	0.00000E+0	0.00000E+0
298.00000E+0	980.00000E-3	99.99100E-3	9.80088E+0	0.00000E+0	0.00000E+0
299.00000E+0	990.00000E-3	99.99500E-3	9.90050E+0	0.00000E+0	0.00000E+0
300.00000E+0	1.00000E+0	99.99100E-3	10.00090E+0	0.00000E+0	0.00000E+0
301.00000E+0	1.01000E+0	99.99500E-3	10.10051E+0	0.00000E+0	0.00000E+0
302.00000E+0	1.02000E+0	99.99500E-3	10.20051E+0	0.00000E+0	0.00000E+0
303.00000E+0	1.03000E+0	99.99100E-3	10.30093E+0	0.00000E+0	0.00000E+0
304.00000E+0	1.04000E+0	99.99100E-3	10.40094E+0	0.00000E+0	0.00000E+0
305.00000E+0	1.05000E+0	99.99500E-3	10.50053E+0	0.00000E+0	0.00000E+0
306.00000E+0	1.06000E+0	99.99100E-3	10.60095E+0	0.00000E+0	0.00000E+0
307.00000E+0	1.07000E+0	99.99500E-3	10.70054E+0	0.00000E+0	0.00000E+0
308.00000E+0	1.08000E+0	99.99100E-3	10.80097E+0	0.00000E+0	0.00000E+0
309.00000E+0	1.09000E+0	99.99500E-3	10.90055E+0	0.00000E+0	0.00000E+0
310.00000E+0	1.10000E+0	99.99100E-3	11.00099E+0	0.00000E+0	0.00000E+0
311.00000E+0	1.11000E+0	99.99100E-3	11.10100E+0	0.00000E+0	0.00000E+0
312.00000E+0	1.12000E+0	99.99100E-3	11.20101E+0	0.00000E+0	0.00000E+0
313.00000E+0	1.13000E+0	99.99100E-3	11.30102E+0	0.00000E+0	0.00000E+0
314.00000E+0	1.14000E+0	99.99500E-3	11.40057E+0	0.00000E+0	0.00000E+0
315.00000E+0	1.15000E+0	99.99500E-3	11.50058E+0	0.00000E+0	0.00000E+0
316.00000E+0	1.16000E+0	99.99100E-3	11.60104E+0	0.00000E+0	0.00000E+0
317.00000E+0	1.17000E+0	99.99500E-3	11.70059E+0	0.00000E+0	0.00000E+0
318.00000E+0	1.18000E+0	99.99500E-3	11.80059E+0	0.00000E+0	0.00000E+0
319.00000E+0	1.19000E+0	99.99100E-3	11.90107E+0	0.00000E+0	0.00000E+0
320.00000E+0	1.20000E+0	99.99500E-3	12.00060E+0	0.00000E+0	0.00000E+0
321.00000E+0	1.21000E+0	99.99500E-3	12.10061E+0	0.00000E+0	0.00000E+0
322.00000E+0	1.22000E+0	99.99100E-3	12.20110E+0	0.00000E+0	0.00000E+0
323.00000E+0	1.23000E+0	99.99500E-3	12.30062E+0	0.00000E+0	0.00000E+0
324.00000E+0	1.24000E+0	99.99500E-3	12.40062E+0	0.00000E+0	0.00000E+0
325.00000E+0	1.25000E+0	99.99100E-3	12.50113E+0	0.00000E+0	0.00000E+0
326.00000E+0	1.26000E+0	99.99100E-3	12.60113E+0	0.00000E+0	0.00000E+0
327.00000E+0	1.27000E+0	99.99100E-3	12.70114E+0	0.00000E+0	0.00000E+0
328.00000E+0	1.28000E+0	99.99100E-3	12.80115E+0	0.00000E+0	0.00000E+0
329.00000E+0	1.29000E+0	99.99100E-3	12.90116E+0	0.00000E+0	0.00000E+0
330.00000E+0	1.30000E+0	99.99100E-3	13.00117E+0	0.00000E+0	0.00000E+0
331.00000E+0	1.31000E+0	99.99100E-3	13.10118E+0	0.00000E+0	0.00000E+0
332.00000E+0	1.32000E+0	99.99100E-3	13.20119E+0	0.00000E+0	0.00000E+0
333.00000E+0	1.33000E+0	99.99500E-3	13.30067E+0	0.00000E+0	0.00000E+0
334.00000E+0	1.34000E+0	99.99100E-3	13.40121E+0	0.00000E+0	0.00000E+0
335.00000E+0	1.35000E+0	99.99100E-3	13.50122E+0	0.00000E+0	0.00000E+0
336.00000E+0	1.36000E+0	99.99100E-3	13.60122E+0	0.00000E+0	0.00000E+0
337.00000E+0	1.37000E+0	99.99100E-3	13.70123E+0	0.00000E+0	0.00000E+0
338.00000E+0	1.38000E+0	99.99100E-3	13.80124E+0	0.00000E+0	0.00000E+0
339.00000E+0	1.39000E+0	99.99500E-3	13.90070E+0	0.00000E+0	0.00000E+0
340.00000E+0	1.40000E+0	99.99500E-3	14.00070E+0	0.00000E+0	0.00000E+0
341.00000E+0	1.41000E+0	99.99500E-3	14.10071E+0	0.00000E+0	0.00000E+0
342.00000E+0	1.42000E+0	99.99100E-3	14.20128E+0	0.00000E+0	0.00000E+0
343.00000E+0	1.43000E+0	99.99100E-3	14.30129E+0	0.00000E+0	0.00000E+0
344.00000E+0	1.44000E+0	99.99500E-3	14.40072E+0	0.00000E+0	0.00000E+0
345.00000E+0	1.45000E+0	99.99100E-3	14.50131E+0	0.00000E+0	0.00000E+0
346.00000E+0	1.46000E+0	99.99100E-3	14.60131E+0	0.00000E+0	0.00000E+0
347.00000E+0	1.47000E+0	99.99100E-3	14.70132E+0	0.00000E+0	0.00000E+0
348.00000E+0	1.48000E+0	99.99100E-3	14.80133E+0	0.00000E+0	0.00000E+0
349.00000E+0	1.49000E+0	99.99100E-3	14.90134E+0	0.00000E+0	0.00000E+0
350.00000E+0	1.50000E+0	99.99500E-3	15.00075E+0	0.00000E+0	0.00000E+0
