===========================================
MEDIDA DE VI V2.9
===========================================

DÍA: 05/11/2024
HORA INICIO: 17:11:19
HORA FINAL: 17:13:18
USUARIO: 
REF.MUESTRA: 
OBSERVACIONES: 
-------------------------------------
CONDICIONES DE MEDIDA:
SELECCIÓN DE SMU VI: HP4154B
TIEMPO DE INTEGRACIÓN VI: IT1 - SHORT
Límite de corriente (A): 1.000000E-1
-------------------------------------
Nº Ciclos de Medida: 1
Cambio de  cada ciclo: IDA
-------------------------------------
Nºmedida	VOLTAJE(volt.)	CORRIENTE(amp.)	IMPEDANCIA(ohm.)	TIEMPO(seg.)	LIMITE_I/V(0/1)

N1	V1	I1	Z1	T1	Lim1	
0.00000E+0	-2.00000E+0	-7.23050E-3	276.60604E+0	0.00000E+0	0.00000E+0
1.00000E+0	-1.99000E+0	-7.22650E-3	275.37535E+0	0.00000E+0	0.00000E+0
2.00000E+0	-1.98000E+0	-7.22550E-3	274.02948E+0	0.00000E+0	0.00000E+0
3.00000E+0	-1.97000E+0	-7.22260E-3	272.75496E+0	0.00000E+0	0.00000E+0
4.00000E+0	-1.96000E+0	-7.22000E-3	271.46814E+0	0.00000E+0	0.00000E+0
5.00000E+0	-1.95000E+0	-7.21550E-3	270.25154E+0	0.00000E+0	0.00000E+0
6.00000E+0	-1.94000E+0	-7.21500E-3	268.88427E+0	0.00000E+0	0.00000E+0
7.00000E+0	-1.93000E+0	-7.21000E-3	267.68377E+0	0.00000E+0	0.00000E+0
8.00000E+0	-1.92000E+0	-7.20810E-3	266.36700E+0	0.00000E+0	0.00000E+0
9.00000E+0	-1.91000E+0	-7.20810E-3	264.97968E+0	0.00000E+0	0.00000E+0
10.00000E+0	-1.90000E+0	-7.20260E-3	263.79363E+0	0.00000E+0	0.00000E+0
11.00000E+0	-1.89000E+0	-7.20100E-3	262.46355E+0	0.00000E+0	0.00000E+0
12.00000E+0	-1.88000E+0	-7.19670E-3	261.23084E+0	0.00000E+0	0.00000E+0
13.00000E+0	-1.87000E+0	-7.19600E-3	259.86659E+0	0.00000E+0	0.00000E+0
14.00000E+0	-1.86000E+0	-7.19210E-3	258.61709E+0	0.00000E+0	0.00000E+0
15.00000E+0	-1.85000E+0	-7.19090E-3	257.26960E+0	0.00000E+0	0.00000E+0
16.00000E+0	-1.84000E+0	-7.18550E-3	256.07125E+0	0.00000E+0	0.00000E+0
17.00000E+0	-1.83000E+0	-7.18210E-3	254.80013E+0	0.00000E+0	0.00000E+0
18.00000E+0	-1.82000E+0	-7.18210E-3	253.40778E+0	0.00000E+0	0.00000E+0
19.00000E+0	-1.81000E+0	-7.17850E-3	252.14181E+0	0.00000E+0	0.00000E+0
20.00000E+0	-1.80000E+0	-7.17540E-3	250.85710E+0	0.00000E+0	0.00000E+0
21.00000E+0	-1.79000E+0	-7.17260E-3	249.56083E+0	0.00000E+0	0.00000E+0
22.00000E+0	-1.78000E+0	-7.17110E-3	248.21854E+0	0.00000E+0	0.00000E+0
23.00000E+0	-1.77000E+0	-7.16610E-3	246.99627E+0	0.00000E+0	0.00000E+0
24.00000E+0	-1.76000E+0	-7.16450E-3	245.65566E+0	0.00000E+0	0.00000E+0
25.00000E+0	-1.75000E+0	-7.16450E-3	244.25989E+0	0.00000E+0	0.00000E+0
26.00000E+0	-1.74000E+0	-7.15850E-3	243.06768E+0	0.00000E+0	0.00000E+0
27.00000E+0	-1.73000E+0	-7.15760E-3	241.70113E+0	0.00000E+0	0.00000E+0
28.00000E+0	-1.72000E+0	-7.15450E-3	240.40813E+0	0.00000E+0	0.00000E+0
29.00000E+0	-1.71000E+0	-7.15260E-3	239.07390E+0	0.00000E+0	0.00000E+0
30.00000E+0	-1.70000E+0	-7.14850E-3	237.81213E+0	0.00000E+0	0.00000E+0
31.00000E+0	-1.69000E+0	-7.14750E-3	236.44631E+0	0.00000E+0	0.00000E+0
32.00000E+0	-1.68000E+0	-7.14560E-3	235.10972E+0	0.00000E+0	0.00000E+0
33.00000E+0	-1.67000E+0	-7.14160E-3	233.84116E+0	0.00000E+0	0.00000E+0
34.00000E+0	-1.66000E+0	-7.13940E-3	232.51254E+0	0.00000E+0	0.00000E+0
35.00000E+0	-1.65000E+0	-7.13560E-3	231.23493E+0	0.00000E+0	0.00000E+0
36.00000E+0	-1.64000E+0	-7.13560E-3	229.83351E+0	0.00000E+0	0.00000E+0
37.00000E+0	-1.63000E+0	-7.13060E-3	228.59226E+0	0.00000E+0	0.00000E+0
38.00000E+0	-1.62000E+0	-7.12970E-3	227.21854E+0	0.00000E+0	0.00000E+0
39.00000E+0	-1.61000E+0	-7.12800E-3	225.86981E+0	0.00000E+0	0.00000E+0
40.00000E+0	-1.60000E+0	-7.12300E-3	224.62446E+0	0.00000E+0	0.00000E+0
41.00000E+0	-1.59000E+0	-7.12250E-3	223.23622E+0	0.00000E+0	0.00000E+0
42.00000E+0	-1.58000E+0	-7.11890E-3	221.94440E+0	0.00000E+0	0.00000E+0
43.00000E+0	-1.57000E+0	-7.11700E-3	220.59857E+0	0.00000E+0	0.00000E+0
44.00000E+0	-1.56000E+0	-7.11300E-3	219.31674E+0	0.00000E+0	0.00000E+0
45.00000E+0	-1.55000E+0	-7.11250E-3	217.92619E+0	0.00000E+0	0.00000E+0
46.00000E+0	-1.54000E+0	-7.11150E-3	216.55066E+0	0.00000E+0	0.00000E+0
47.00000E+0	-1.53000E+0	-7.10510E-3	215.33828E+0	0.00000E+0	0.00000E+0
48.00000E+0	-1.52000E+0	-7.10610E-3	213.90073E+0	0.00000E+0	0.00000E+0
49.00000E+0	-1.51000E+0	-7.10300E-3	212.58623E+0	0.00000E+0	0.00000E+0
50.00000E+0	-1.50000E+0	-7.10150E-3	211.22298E+0	0.00000E+0	0.00000E+0
51.00000E+0	-1.49000E+0	-7.09750E-3	209.93308E+0	0.00000E+0	0.00000E+0
52.00000E+0	-1.48000E+0	-7.09700E-3	208.53882E+0	0.00000E+0	0.00000E+0
53.00000E+0	-1.47000E+0	-7.09460E-3	207.19984E+0	0.00000E+0	0.00000E+0
54.00000E+0	-1.46000E+0	-7.08960E-3	205.93545E+0	0.00000E+0	0.00000E+0
55.00000E+0	-1.45000E+0	-7.09010E-3	204.51051E+0	0.00000E+0	0.00000E+0
56.00000E+0	-1.44000E+0	-7.08600E-3	203.21761E+0	0.00000E+0	0.00000E+0
57.00000E+0	-1.43000E+0	-7.08600E-3	201.80638E+0	0.00000E+0	0.00000E+0
58.00000E+0	-1.42000E+0	-7.08050E-3	200.55081E+0	0.00000E+0	0.00000E+0
59.00000E+0	-1.41000E+0	-7.08100E-3	199.12442E+0	0.00000E+0	0.00000E+0
60.00000E+0	-1.40000E+0	-7.07750E-3	197.80996E+0	0.00000E+0	0.00000E+0
61.00000E+0	-1.39000E+0	-7.07410E-3	196.49143E+0	0.00000E+0	0.00000E+0
62.00000E+0	-1.38000E+0	-7.07550E-3	195.03922E+0	0.00000E+0	0.00000E+0
63.00000E+0	-1.37000E+0	-7.07050E-3	193.76282E+0	0.00000E+0	0.00000E+0
64.00000E+0	-1.36000E+0	-7.06960E-3	192.37298E+0	0.00000E+0	0.00000E+0
65.00000E+0	-1.35000E+0	-7.06600E-3	191.05576E+0	0.00000E+0	0.00000E+0
66.00000E+0	-1.34000E+0	-7.06600E-3	189.64053E+0	0.00000E+0	0.00000E+0
67.00000E+0	-1.33000E+0	-7.06150E-3	188.34525E+0	0.00000E+0	0.00000E+0
68.00000E+0	-1.32000E+0	-7.06200E-3	186.91589E+0	0.00000E+0	0.00000E+0
69.00000E+0	-1.31000E+0	-7.06050E-3	185.53927E+0	0.00000E+0	0.00000E+0
70.00000E+0	-1.30000E+0	-7.05500E-3	184.26648E+0	0.00000E+0	0.00000E+0
71.00000E+0	-1.29000E+0	-7.05550E-3	182.83609E+0	0.00000E+0	0.00000E+0
72.00000E+0	-1.28000E+0	-7.05150E-3	181.52166E+0	0.00000E+0	0.00000E+0
73.00000E+0	-1.27000E+0	-7.05100E-3	180.11630E+0	0.00000E+0	0.00000E+0
74.00000E+0	-1.26000E+0	-7.04770E-3	178.78173E+0	0.00000E+0	0.00000E+0
75.00000E+0	-1.25000E+0	-7.04810E-3	177.35276E+0	0.00000E+0	0.00000E+0
76.00000E+0	-1.24000E+0	-7.04500E-3	176.01136E+0	0.00000E+0	0.00000E+0
77.00000E+0	-1.23000E+0	-7.04140E-3	174.68117E+0	0.00000E+0	0.00000E+0
78.00000E+0	-1.22000E+0	-7.04310E-3	173.21918E+0	0.00000E+0	0.00000E+0
79.00000E+0	-1.21000E+0	-7.03910E-3	171.89698E+0	0.00000E+0	0.00000E+0
80.00000E+0	-1.20000E+0	-7.03860E-3	170.48845E+0	0.00000E+0	0.00000E+0
81.00000E+0	-1.19000E+0	-7.03550E-3	169.14221E+0	0.00000E+0	0.00000E+0
82.00000E+0	-1.18000E+0	-7.03500E-3	167.73276E+0	0.00000E+0	0.00000E+0
83.00000E+0	-1.17000E+0	-7.03220E-3	166.37752E+0	0.00000E+0	0.00000E+0
84.00000E+0	-1.16000E+0	-7.02950E-3	165.01885E+0	0.00000E+0	0.00000E+0
85.00000E+0	-1.15000E+0	-7.03000E-3	163.58464E+0	0.00000E+0	0.00000E+0
86.00000E+0	-1.14000E+0	-7.02590E-3	162.25679E+0	0.00000E+0	0.00000E+0
87.00000E+0	-1.13000E+0	-7.02590E-3	160.83349E+0	0.00000E+0	0.00000E+0
88.00000E+0	-1.12000E+0	-7.02260E-3	159.48509E+0	0.00000E+0	0.00000E+0
89.00000E+0	-1.11000E+0	-7.02310E-3	158.04986E+0	0.00000E+0	0.00000E+0
90.00000E+0	-1.10000E+0	-7.01900E-3	156.71748E+0	0.00000E+0	0.00000E+0
91.00000E+0	-1.09000E+0	-7.01860E-3	155.30163E+0	0.00000E+0	0.00000E+0
92.00000E+0	-1.08000E+0	-7.01860E-3	153.87684E+0	0.00000E+0	0.00000E+0
93.00000E+0	-1.07000E+0	-7.01500E-3	152.53029E+0	0.00000E+0	0.00000E+0
94.00000E+0	-1.06000E+0	-7.01360E-3	151.13494E+0	0.00000E+0	0.00000E+0
95.00000E+0	-1.05000E+0	-7.01210E-3	149.74116E+0	0.00000E+0	0.00000E+0
96.00000E+0	-1.04000E+0	-7.01090E-3	148.34044E+0	0.00000E+0	0.00000E+0
97.00000E+0	-1.03000E+0	-7.00760E-3	146.98328E+0	0.00000E+0	0.00000E+0
98.00000E+0	-1.02000E+0	-7.00710E-3	145.56664E+0	0.00000E+0	0.00000E+0
99.00000E+0	-1.01000E+0	-7.00710E-3	144.13952E+0	0.00000E+0	0.00000E+0
100.00000E+0	-1.00000E+0	-7.00260E-3	142.80410E+0	0.00000E+0	0.00000E+0
101.00000E+0	-990.00000E-3	-7.00260E-3	141.37606E+0	0.00000E+0	0.00000E+0
102.00000E+0	-980.00000E-3	-7.00040E-3	139.99200E+0	0.00000E+0	0.00000E+0
103.00000E+0	-970.00000E-3	-7.00000E-3	138.57143E+0	0.00000E+0	0.00000E+0
104.00000E+0	-960.00000E-3	-6.99760E-3	137.18989E+0	0.00000E+0	0.00000E+0
105.00000E+0	-950.00000E-3	-6.99850E-3	135.74337E+0	0.00000E+0	0.00000E+0
106.00000E+0	-940.00000E-3	-6.99710E-3	134.34137E+0	0.00000E+0	0.00000E+0
107.00000E+0	-930.00000E-3	-6.99260E-3	132.99774E+0	0.00000E+0	0.00000E+0
108.00000E+0	-920.00000E-3	-6.99350E-3	131.55073E+0	0.00000E+0	0.00000E+0
109.00000E+0	-910.00000E-3	-6.99110E-3	130.16550E+0	0.00000E+0	0.00000E+0
110.00000E+0	-900.00000E-3	-6.99160E-3	128.72590E+0	0.00000E+0	0.00000E+0
111.00000E+0	-890.00000E-3	-6.98760E-3	127.36848E+0	0.00000E+0	0.00000E+0
112.00000E+0	-880.00000E-3	-6.98900E-3	125.91215E+0	0.00000E+0	0.00000E+0
113.00000E+0	-870.00000E-3	-6.98610E-3	124.53300E+0	0.00000E+0	0.00000E+0
114.00000E+0	-860.00000E-3	-6.98300E-3	123.15624E+0	0.00000E+0	0.00000E+0
115.00000E+0	-850.00000E-3	-6.98450E-3	121.69805E+0	0.00000E+0	0.00000E+0
116.00000E+0	-840.00000E-3	-6.98110E-3	120.32488E+0	0.00000E+0	0.00000E+0
117.00000E+0	-830.00000E-3	-6.98110E-3	118.89244E+0	0.00000E+0	0.00000E+0
118.00000E+0	-820.00000E-3	-6.97950E-3	117.48693E+0	0.00000E+0	0.00000E+0
119.00000E+0	-810.00000E-3	-6.97990E-3	116.04751E+0	0.00000E+0	0.00000E+0
120.00000E+0	-800.00000E-3	-6.97660E-3	114.66904E+0	0.00000E+0	0.00000E+0
121.00000E+0	-790.00000E-3	-6.97710E-3	113.22756E+0	0.00000E+0	0.00000E+0
122.00000E+0	-780.00000E-3	-6.97610E-3	111.81032E+0	0.00000E+0	0.00000E+0
123.00000E+0	-770.00000E-3	-6.97210E-3	110.44018E+0	0.00000E+0	0.00000E+0
124.00000E+0	-760.00000E-3	-6.97300E-3	108.99183E+0	0.00000E+0	0.00000E+0
125.00000E+0	-750.00000E-3	-6.97110E-3	107.58704E+0	0.00000E+0	0.00000E+0
126.00000E+0	-740.00000E-3	-6.97060E-3	106.16016E+0	0.00000E+0	0.00000E+0
127.00000E+0	-730.00000E-3	-6.96850E-3	104.75712E+0	0.00000E+0	0.00000E+0
128.00000E+0	-720.00000E-3	-6.96940E-3	103.30875E+0	0.00000E+0	0.00000E+0
129.00000E+0	-710.00000E-3	-6.96800E-3	101.89437E+0	0.00000E+0	0.00000E+0
130.00000E+0	-700.00000E-3	-6.96440E-3	100.51117E+0	0.00000E+0	0.00000E+0
131.00000E+0	-690.00000E-3	-6.96660E-3	99.04401E+0	0.00000E+0	0.00000E+0
132.00000E+0	-680.00000E-3	-6.96520E-3	97.62821E+0	0.00000E+0	0.00000E+0
133.00000E+0	-670.00000E-3	-6.96520E-3	96.19250E+0	0.00000E+0	0.00000E+0
134.00000E+0	-660.00000E-3	-6.96250E-3	94.79354E+0	0.00000E+0	0.00000E+0
135.00000E+0	-650.00000E-3	-6.96350E-3	93.34386E+0	0.00000E+0	0.00000E+0
136.00000E+0	-640.00000E-3	-6.96210E-3	91.92629E+0	0.00000E+0	0.00000E+0
137.00000E+0	-630.00000E-3	-6.95900E-3	90.53025E+0	0.00000E+0	0.00000E+0
138.00000E+0	-620.00000E-3	-6.95940E-3	89.08814E+0	0.00000E+0	0.00000E+0
139.00000E+0	-610.00000E-3	-6.95750E-3	87.67517E+0	0.00000E+0	0.00000E+0
140.00000E+0	-600.00000E-3	-6.95750E-3	86.23787E+0	0.00000E+0	0.00000E+0
141.00000E+0	-590.00000E-3	-6.95660E-3	84.81155E+0	0.00000E+0	0.00000E+0
142.00000E+0	-580.00000E-3	-6.95660E-3	83.37406E+0	0.00000E+0	0.00000E+0
143.00000E+0	-570.00000E-3	-6.95470E-3	81.95896E+0	0.00000E+0	0.00000E+0
144.00000E+0	-560.00000E-3	-6.95200E-3	80.55236E+0	0.00000E+0	0.00000E+0
145.00000E+0	-550.00000E-3	-6.95400E-3	79.09117E+0	0.00000E+0	0.00000E+0
146.00000E+0	-540.00000E-3	-6.95160E-3	77.67996E+0	0.00000E+0	0.00000E+0
147.00000E+0	-530.00000E-3	-6.95160E-3	76.24144E+0	0.00000E+0	0.00000E+0
148.00000E+0	-520.00000E-3	-6.94890E-3	74.83199E+0	0.00000E+0	0.00000E+0
149.00000E+0	-510.00000E-3	-6.95060E-3	73.37496E+0	0.00000E+0	0.00000E+0
150.00000E+0	-500.00000E-3	-6.94750E-3	71.96833E+0	0.00000E+0	0.00000E+0
151.00000E+0	-490.00000E-3	-6.94890E-3	70.51476E+0	0.00000E+0	0.00000E+0
152.00000E+0	-480.00000E-3	-6.94850E-3	69.07966E+0	0.00000E+0	0.00000E+0
153.00000E+0	-470.00000E-3	-6.94560E-3	67.66874E+0	0.00000E+0	0.00000E+0
154.00000E+0	-460.00000E-3	-6.94610E-3	66.22421E+0	0.00000E+0	0.00000E+0
155.00000E+0	-450.00000E-3	-6.94390E-3	64.80508E+0	0.00000E+0	0.00000E+0
156.00000E+0	-440.00000E-3	-6.94510E-3	63.35402E+0	0.00000E+0	0.00000E+0
157.00000E+0	-430.00000E-3	-6.94200E-3	61.94180E+0	0.00000E+0	0.00000E+0
158.00000E+0	-420.00000E-3	-6.94470E-3	60.47777E+0	0.00000E+0	0.00000E+0
159.00000E+0	-410.00000E-3	-6.94250E-3	59.05654E+0	0.00000E+0	0.00000E+0
160.00000E+0	-400.00000E-3	-6.93960E-3	57.64021E+0	0.00000E+0	0.00000E+0
161.00000E+0	-390.00000E-3	-6.94200E-3	56.17978E+0	0.00000E+0	0.00000E+0
162.00000E+0	-380.00000E-3	-6.94060E-3	54.75031E+0	0.00000E+0	0.00000E+0
163.00000E+0	-370.00000E-3	-6.94010E-3	53.31335E+0	0.00000E+0	0.00000E+0
164.00000E+0	-360.00000E-3	-6.93850E-3	51.88441E+0	0.00000E+0	0.00000E+0
165.00000E+0	-350.00000E-3	-6.93960E-3	50.43518E+0	0.00000E+0	0.00000E+0
166.00000E+0	-340.00000E-3	-6.93700E-3	49.01254E+0	0.00000E+0	0.00000E+0
167.00000E+0	-330.00000E-3	-6.93650E-3	47.57443E+0	0.00000E+0	0.00000E+0
168.00000E+0	-320.00000E-3	-6.93850E-3	46.11948E+0	0.00000E+0	0.00000E+0
169.00000E+0	-310.00000E-3	-6.93460E-3	44.70337E+0	0.00000E+0	0.00000E+0
170.00000E+0	-300.00000E-3	-6.93610E-3	43.25197E+0	0.00000E+0	0.00000E+0
171.00000E+0	-290.00000E-3	-6.93420E-3	41.82170E+0	0.00000E+0	0.00000E+0
172.00000E+0	-280.00000E-3	-6.93510E-3	40.37433E+0	0.00000E+0	0.00000E+0
173.00000E+0	-270.00000E-3	-6.93250E-3	38.94699E+0	0.00000E+0	0.00000E+0
174.00000E+0	-260.00000E-3	-6.93420E-3	37.49531E+0	0.00000E+0	0.00000E+0
175.00000E+0	-250.00000E-3	-6.93510E-3	36.04851E+0	0.00000E+0	0.00000E+0
176.00000E+0	-240.00000E-3	-6.93110E-3	34.62654E+0	0.00000E+0	0.00000E+0
177.00000E+0	-230.00000E-3	-6.93150E-3	33.18185E+0	0.00000E+0	0.00000E+0
178.00000E+0	-220.00000E-3	-6.93010E-3	31.74557E+0	0.00000E+0	0.00000E+0
179.00000E+0	-210.00000E-3	-6.93060E-3	30.30041E+0	0.00000E+0	0.00000E+0
180.00000E+0	-200.00000E-3	-6.92840E-3	28.86669E+0	0.00000E+0	0.00000E+0
181.00000E+0	-190.00000E-3	-6.93010E-3	27.41663E+0	0.00000E+0	0.00000E+0
182.00000E+0	-180.00000E-3	-6.92750E-3	25.98340E+0	0.00000E+0	0.00000E+0
183.00000E+0	-170.00000E-3	-6.92600E-3	24.54519E+0	0.00000E+0	0.00000E+0
184.00000E+0	-160.00000E-3	-6.92920E-3	23.09069E+0	0.00000E+0	0.00000E+0
185.00000E+0	-150.00000E-3	-6.92600E-3	21.65752E+0	0.00000E+0	0.00000E+0
186.00000E+0	-140.00000E-3	-6.92650E-3	20.21223E+0	0.00000E+0	0.00000E+0
187.00000E+0	-130.00000E-3	-6.92510E-3	18.77229E+0	0.00000E+0	0.00000E+0
188.00000E+0	-120.00000E-3	-6.92560E-3	17.32702E+0	0.00000E+0	0.00000E+0
189.00000E+0	-110.00000E-3	-6.92340E-3	15.88815E+0	0.00000E+0	0.00000E+0
190.00000E+0	-100.00000E-3	-6.92200E-3	14.44669E+0	0.00000E+0	0.00000E+0
191.00000E+0	-90.00000E-3	-6.92340E-3	12.99939E+0	0.00000E+0	0.00000E+0
192.00000E+0	-80.00000E-3	-6.92100E-3	11.55902E+0	0.00000E+0	0.00000E+0
193.00000E+0	-70.00000E-3	-6.92150E-3	10.11341E+0	0.00000E+0	0.00000E+0
194.00000E+0	-60.00000E-3	-6.92010E-3	8.67039E+0	0.00000E+0	0.00000E+0
195.00000E+0	-50.00000E-3	-6.92200E-3	7.22335E+0	0.00000E+0	0.00000E+0
196.00000E+0	-40.00000E-3	-6.91790E-3	5.78210E+0	0.00000E+0	0.00000E+0
197.00000E+0	-30.00000E-3	-6.91750E-3	4.33683E+0	0.00000E+0	0.00000E+0
198.00000E+0	-20.00000E-3	-6.91910E-3	2.89055E+0	0.00000E+0	0.00000E+0
199.00000E+0	-10.00000E-3	-6.91370E-3	1.44640E+0	0.00000E+0	0.00000E+0
200.00000E+0	0.00000E+0	-6.91510E-3	-0.00000E+0	0.00000E+0	0.00000E+0
201.00000E+0	10.00000E-3	-6.91150E-3	-1.44686E+0	0.00000E+0	0.00000E+0
202.00000E+0	20.00000E-3	-6.91100E-3	-2.89394E+0	0.00000E+0	0.00000E+0
203.00000E+0	30.00000E-3	-6.90700E-3	-4.34342E+0	0.00000E+0	0.00000E+0
204.00000E+0	40.00000E-3	-6.90650E-3	-5.79165E+0	0.00000E+0	0.00000E+0
205.00000E+0	50.00000E-3	-6.90320E-3	-7.24302E+0	0.00000E+0	0.00000E+0
206.00000E+0	60.00000E-3	-6.89740E-3	-8.69893E+0	0.00000E+0	0.00000E+0
207.00000E+0	70.00000E-3	-6.89650E-3	-10.15008E+0	0.00000E+0	0.00000E+0
208.00000E+0	80.00000E-3	-6.89200E-3	-11.60766E+0	0.00000E+0	0.00000E+0
209.00000E+0	90.00000E-3	-6.88910E-3	-13.06412E+0	0.00000E+0	0.00000E+0
210.00000E+0	100.00000E-3	-6.88360E-3	-14.52728E+0	0.00000E+0	0.00000E+0
211.00000E+0	110.00000E-3	-6.87960E-3	-15.98930E+0	0.00000E+0	0.00000E+0
212.00000E+0	120.00000E-3	-6.87410E-3	-17.45683E+0	0.00000E+0	0.00000E+0
213.00000E+0	130.00000E-3	-6.86720E-3	-18.93057E+0	0.00000E+0	0.00000E+0
214.00000E+0	140.00000E-3	-6.86310E-3	-20.39895E+0	0.00000E+0	0.00000E+0
215.00000E+0	150.00000E-3	-6.85550E-3	-21.88024E+0	0.00000E+0	0.00000E+0
216.00000E+0	160.00000E-3	-6.84950E-3	-23.35937E+0	0.00000E+0	0.00000E+0
217.00000E+0	170.00000E-3	-6.84210E-3	-24.84617E+0	0.00000E+0	0.00000E+0
218.00000E+0	180.00000E-3	-6.83660E-3	-26.32888E+0	0.00000E+0	0.00000E+0
219.00000E+0	190.00000E-3	-6.82710E-3	-27.83026E+0	0.00000E+0	0.00000E+0
220.00000E+0	200.00000E-3	-6.81710E-3	-29.33799E+0	0.00000E+0	0.00000E+0
221.00000E+0	210.00000E-3	-6.81110E-3	-30.83202E+0	0.00000E+0	0.00000E+0
222.00000E+0	220.00000E-3	-6.79900E-3	-32.35770E+0	0.00000E+0	0.00000E+0
223.00000E+0	230.00000E-3	-6.79020E-3	-33.87235E+0	0.00000E+0	0.00000E+0
224.00000E+0	240.00000E-3	-6.77750E-3	-35.41129E+0	0.00000E+0	0.00000E+0
225.00000E+0	250.00000E-3	-6.76700E-3	-36.94399E+0	0.00000E+0	0.00000E+0
226.00000E+0	260.00000E-3	-6.75200E-3	-38.50711E+0	0.00000E+0	0.00000E+0
227.00000E+0	270.00000E-3	-6.73910E-3	-40.06470E+0	0.00000E+0	0.00000E+0
228.00000E+0	280.00000E-3	-6.72600E-3	-41.62950E+0	0.00000E+0	0.00000E+0
229.00000E+0	290.00000E-3	-6.70600E-3	-43.24486E+0	0.00000E+0	0.00000E+0
230.00000E+0	300.00000E-3	-6.68910E-3	-44.84908E+0	0.00000E+0	0.00000E+0
231.00000E+0	310.00000E-3	-6.66670E-3	-46.49977E+0	0.00000E+0	0.00000E+0
232.00000E+0	320.00000E-3	-6.64310E-3	-48.17028E+0	0.00000E+0	0.00000E+0
233.00000E+0	330.00000E-3	-6.61400E-3	-49.89416E+0	0.00000E+0	0.00000E+0
234.00000E+0	340.00000E-3	-6.58560E-3	-51.62779E+0	0.00000E+0	0.00000E+0
235.00000E+0	350.00000E-3	-6.55100E-3	-53.42696E+0	0.00000E+0	0.00000E+0
236.00000E+0	360.00000E-3	-6.50600E-3	-55.33354E+0	0.00000E+0	0.00000E+0
237.00000E+0	370.00000E-3	-6.45850E-3	-57.28884E+0	0.00000E+0	0.00000E+0
238.00000E+0	380.00000E-3	-6.39840E-3	-59.38985E+0	0.00000E+0	0.00000E+0
239.00000E+0	390.00000E-3	-6.32760E-3	-61.63474E+0	0.00000E+0	0.00000E+0
240.00000E+0	400.00000E-3	-6.23510E-3	-64.15294E+0	0.00000E+0	0.00000E+0
241.00000E+0	410.00000E-3	-6.12450E-3	-66.94424E+0	0.00000E+0	0.00000E+0
242.00000E+0	420.00000E-3	-5.98220E-3	-70.20828E+0	0.00000E+0	0.00000E+0
243.00000E+0	430.00000E-3	-5.79450E-3	-74.20830E+0	0.00000E+0	0.00000E+0
244.00000E+0	440.00000E-3	-5.55900E-3	-79.15093E+0	0.00000E+0	0.00000E+0
245.00000E+0	450.00000E-3	-5.24450E-3	-85.80418E+0	0.00000E+0	0.00000E+0
246.00000E+0	460.00000E-3	-4.84250E-3	-94.99226E+0	0.00000E+0	0.00000E+0
247.00000E+0	470.00000E-3	-4.31060E-3	-109.03355E+0	0.00000E+0	0.00000E+0
248.00000E+0	480.00000E-3	-3.62850E-3	-132.28607E+0	0.00000E+0	0.00000E+0
249.00000E+0	490.00000E-3	-2.76800E-3	-177.02312E+0	0.00000E+0	0.00000E+0
250.00000E+0	500.00000E-3	-1.68400E-3	-296.91211E+0	0.00000E+0	0.00000E+0
251.00000E+0	510.00000E-3	-369.36000E-6	-1.38077E+3	0.00000E+0	0.00000E+0
252.00000E+0	520.00000E-3	1.18900E-3	437.34230E+0	0.00000E+0	0.00000E+0
253.00000E+0	530.00000E-3	2.99600E-3	176.90254E+0	0.00000E+0	0.00000E+0
254.00000E+0	540.00000E-3	5.06110E-3	106.69617E+0	0.00000E+0	0.00000E+0
255.00000E+0	550.00000E-3	7.32160E-3	75.12019E+0	0.00000E+0	0.00000E+0
256.00000E+0	560.00000E-3	9.84240E-3	56.89669E+0	0.00000E+0	0.00000E+0
257.00000E+0	570.00000E-3	12.57000E-3	45.34606E+0	0.00000E+0	0.00000E+0
258.00000E+0	580.00000E-3	15.44000E-3	37.56477E+0	0.00000E+0	0.00000E+0
259.00000E+0	590.00000E-3	18.47600E-3	31.93332E+0	0.00000E+0	0.00000E+0
260.00000E+0	600.00000E-3	21.63500E-3	27.73284E+0	0.00000E+0	0.00000E+0
261.00000E+0	610.00000E-3	24.94500E-3	24.45380E+0	0.00000E+0	0.00000E+0
262.00000E+0	620.00000E-3	28.34500E-3	21.87335E+0	0.00000E+0	0.00000E+0
263.00000E+0	630.00000E-3	31.83600E-3	19.78892E+0	0.00000E+0	0.00000E+0
264.00000E+0	640.00000E-3	35.43100E-3	18.06328E+0	0.00000E+0	0.00000E+0
265.00000E+0	650.00000E-3	39.05100E-3	16.64490E+0	0.00000E+0	0.00000E+0
266.00000E+0	660.00000E-3	42.80500E-3	15.41876E+0	0.00000E+0	0.00000E+0
267.00000E+0	670.00000E-3	46.57600E-3	14.38509E+0	0.00000E+0	0.00000E+0
268.00000E+0	680.00000E-3	50.42500E-3	13.48537E+0	0.00000E+0	0.00000E+0
269.00000E+0	690.00000E-3	54.29500E-3	12.70835E+0	0.00000E+0	0.00000E+0
270.00000E+0	700.00000E-3	58.23100E-3	12.02109E+0	0.00000E+0	0.00000E+0
271.00000E+0	710.00000E-3	62.19500E-3	11.41571E+0	0.00000E+0	0.00000E+0
272.00000E+0	720.00000E-3	66.18100E-3	10.87926E+0	0.00000E+0	0.00000E+0
273.00000E+0	730.00000E-3	70.27400E-3	10.38791E+0	0.00000E+0	0.00000E+0
274.00000E+0	740.00000E-3	74.31000E-3	9.95828E+0	0.00000E+0	0.00000E+0
275.00000E+0	750.00000E-3	78.44900E-3	9.56035E+0	0.00000E+0	0.00000E+0
276.00000E+0	760.00000E-3	82.55400E-3	9.20610E+0	0.00000E+0	0.00000E+0
277.00000E+0	770.00000E-3	86.74600E-3	8.87649E+0	0.00000E+0	0.00000E+0
278.00000E+0	780.00000E-3	90.91200E-3	8.57973E+0	0.00000E+0	0.00000E+0
279.00000E+0	790.00000E-3	95.05500E-3	8.31098E+0	0.00000E+0	0.00000E+0
280.00000E+0	800.00000E-3	99.31600E-3	8.05510E+0	0.00000E+0	0.00000E+0
281.00000E+0	810.00000E-3	99.99500E-3	8.10041E+0	0.00000E+0	0.00000E+0
282.00000E+0	820.00000E-3	99.99100E-3	8.20074E+0	0.00000E+0	0.00000E+0
283.00000E+0	830.00000E-3	99.99100E-3	8.30075E+0	0.00000E+0	0.00000E+0
284.00000E+0	840.00000E-3	99.99500E-3	8.40042E+0	0.00000E+0	0.00000E+0
285.00000E+0	850.00000E-3	99.99100E-3	8.50077E+0	0.00000E+0	0.00000E+0
286.00000E+0	860.00000E-3	99.99100E-3	8.60077E+0	0.00000E+0	0.00000E+0
287.00000E+0	870.00000E-3	99.99100E-3	8.70078E+0	0.00000E+0	0.00000E+0
288.00000E+0	880.00000E-3	99.99100E-3	8.80079E+0	0.00000E+0	0.00000E+0
289.00000E+0	890.00000E-3	99.99100E-3	8.90080E+0	0.00000E+0	0.00000E+0
290.00000E+0	900.00000E-3	99.99100E-3	9.00081E+0	0.00000E+0	0.00000E+0
291.00000E+0	910.00000E-3	99.99100E-3	9.10082E+0	0.00000E+0	0.00000E+0
292.00000E+0	920.00000E-3	99.99500E-3	9.20046E+0	0.00000E+0	0.00000E+0
293.00000E+0	930.00000E-3	99.99100E-3	9.30084E+0	0.00000E+0	0.00000E+0
294.00000E+0	940.00000E-3	99.99100E-3	9.40085E+0	0.00000E+0	0.00000E+0
295.00000E+0	950.00000E-3	99.99100E-3	9.50086E+0	0.00000E+0	0.00000E+0
296.00000E+0	960.00000E-3	99.99500E-3	9.60048E+0	0.00000E+0	0.00000E+0
297.00000E+0	970.00000E-3	99.99100E-3	9.70087E+0	0.00000E+0	0.00000E+0
298.00000E+0	980.00000E-3	99.99500E-3	9.80049E+0	0.00000E+0	0.00000E+0
299.00000E+0	990.00000E-3	99.99500E-3	9.90050E+0	0.00000E+0	0.00000E+0
300.00000E+0	1.00000E+0	99.99100E-3	10.00090E+0	0.00000E+0	0.00000E+0
301.00000E+0	1.01000E+0	99.99500E-3	10.10051E+0	0.00000E+0	0.00000E+0
302.00000E+0	1.02000E+0	99.99100E-3	10.20092E+0	0.00000E+0	0.00000E+0
303.00000E+0	1.03000E+0	99.99500E-3	10.30052E+0	0.00000E+0	0.00000E+0
304.00000E+0	1.04000E+0	99.99100E-3	10.40094E+0	0.00000E+0	0.00000E+0
305.00000E+0	1.05000E+0	99.99100E-3	10.50095E+0	0.00000E+0	0.00000E+0
306.00000E+0	1.06000E+0	99.99500E-3	10.60053E+0	0.00000E+0	0.00000E+0
307.00000E+0	1.07000E+0	99.99100E-3	10.70096E+0	0.00000E+0	0.00000E+0
308.00000E+0	1.08000E+0	99.99500E-3	10.80054E+0	0.00000E+0	0.00000E+0
309.00000E+0	1.09000E+0	99.99100E-3	10.90098E+0	0.00000E+0	0.00000E+0
310.00000E+0	1.10000E+0	99.99100E-3	11.00099E+0	0.00000E+0	0.00000E+0
311.00000E+0	1.11000E+0	99.99100E-3	11.10100E+0	0.00000E+0	0.00000E+0
312.00000E+0	1.12000E+0	99.99100E-3	11.20101E+0	0.00000E+0	0.00000E+0
313.00000E+0	1.13000E+0	99.99500E-3	11.30057E+0	0.00000E+0	0.00000E+0
314.00000E+0	1.14000E+0	99.99100E-3	11.40103E+0	0.00000E+0	0.00000E+0
315.00000E+0	1.15000E+0	99.99100E-3	11.50104E+0	0.00000E+0	0.00000E+0
316.00000E+0	1.16000E+0	99.99500E-3	11.60058E+0	0.00000E+0	0.00000E+0
317.00000E+0	1.17000E+0	99.99500E-3	11.70059E+0	0.00000E+0	0.00000E+0
318.00000E+0	1.18000E+0	99.99100E-3	11.80106E+0	0.00000E+0	0.00000E+0
319.00000E+0	1.19000E+0	99.99100E-3	11.90107E+0	0.00000E+0	0.00000E+0
320.00000E+0	1.20000E+0	99.99100E-3	12.00108E+0	0.00000E+0	0.00000E+0
321.00000E+0	1.21000E+0	99.99500E-3	12.10061E+0	0.00000E+0	0.00000E+0
322.00000E+0	1.22000E+0	99.99500E-3	12.20061E+0	0.00000E+0	0.00000E+0
323.00000E+0	1.23000E+0	99.99100E-3	12.30111E+0	0.00000E+0	0.00000E+0
324.00000E+0	1.24000E+0	99.99500E-3	12.40062E+0	0.00000E+0	0.00000E+0
325.00000E+0	1.25000E+0	99.99100E-3	12.50113E+0	0.00000E+0	0.00000E+0
326.00000E+0	1.26000E+0	99.99100E-3	12.60113E+0	0.00000E+0	0.00000E+0
327.00000E+0	1.27000E+0	99.99100E-3	12.70114E+0	0.00000E+0	0.00000E+0
328.00000E+0	1.28000E+0	99.99100E-3	12.80115E+0	0.00000E+0	0.00000E+0
329.00000E+0	1.29000E+0	99.99500E-3	12.90065E+0	0.00000E+0	0.00000E+0
330.00000E+0	1.30000E+0	99.99100E-3	13.00117E+0	0.00000E+0	0.00000E+0
331.00000E+0	1.31000E+0	99.99500E-3	13.10066E+0	0.00000E+0	0.00000E+0
332.00000E+0	1.32000E+0	99.99100E-3	13.20119E+0	0.00000E+0	0.00000E+0
333.00000E+0	1.33000E+0	99.99100E-3	13.30120E+0	0.00000E+0	0.00000E+0
334.00000E+0	1.34000E+0	99.99100E-3	13.40121E+0	0.00000E+0	0.00000E+0
335.00000E+0	1.35000E+0	99.99100E-3	13.50122E+0	0.00000E+0	0.00000E+0
336.00000E+0	1.36000E+0	99.99100E-3	13.60122E+0	0.00000E+0	0.00000E+0
337.00000E+0	1.37000E+0	99.99100E-3	13.70123E+0	0.00000E+0	0.00000E+0
338.00000E+0	1.38000E+0	99.99100E-3	13.80124E+0	0.00000E+0	0.00000E+0
339.00000E+0	1.39000E+0	99.99100E-3	13.90125E+0	0.00000E+0	0.00000E+0
340.00000E+0	1.40000E+0	99.99100E-3	14.00126E+0	0.00000E+0	0.00000E+0
341.00000E+0	1.41000E+0	99.99500E-3	14.10071E+0	0.00000E+0	0.00000E+0
342.00000E+0	1.42000E+0	99.99100E-3	14.20128E+0	0.00000E+0	0.00000E+0
343.00000E+0	1.43000E+0	99.99100E-3	14.30129E+0	0.00000E+0	0.00000E+0
344.00000E+0	1.44000E+0	99.99100E-3	14.40130E+0	0.00000E+0	0.00000E+0
345.00000E+0	1.45000E+0	99.99100E-3	14.50131E+0	0.00000E+0	0.00000E+0
346.00000E+0	1.46000E+0	99.99100E-3	14.60131E+0	0.00000E+0	0.00000E+0
347.00000E+0	1.47000E+0	99.99100E-3	14.70132E+0	0.00000E+0	0.00000E+0
348.00000E+0	1.48000E+0	99.99100E-3	14.80133E+0	0.00000E+0	0.00000E+0
349.00000E+0	1.49000E+0	99.99100E-3	14.90134E+0	0.00000E+0	0.00000E+0
350.00000E+0	1.50000E+0	99.99100E-3	15.00135E+0	0.00000E+0	0.00000E+0
