===========================================
MEDIDA DE VI V3.2
===========================================

D A: 26/11/2024
HORA INICIO: 16:08:30
HORA FINAL: 16:13:55
USUARIO: 
REF.MUESTRA: 
OBSERVACIONES: 
-------------------------------------
CONDICIONES DE MEDIDA:
SELECCI N DE SMU VI: HP4154B
TIEMPO DE INTEGRACI N VI: IT1 - SHORT
L mite de corriente (A): 1.000000E-2
-------------------------------------
N  Ciclos de Medida: 1
Cambio de  cada ciclo: IDA
-------------------------------------
V1	I1	IMPEDANCIA(Ohm)	TIEMPO(seg)	LIMITE_I/V(0/1)

-2.00000E+0	-5.41850E-3	369.10584E+0	0.00000E+0	0.00000E+0
-1.99000E+0	-5.41110E-3	367.76256E+0	0.00000E+0	0.00000E+0
-1.98000E+0	-5.40660E-3	366.21907E+0	0.00000E+0	0.00000E+0
-1.97000E+0	-5.41210E-3	363.99919E+0	0.00000E+0	0.00000E+0
-1.96000E+0	-5.40070E-3	362.91592E+0	0.00000E+0	0.00000E+0
-1.95000E+0	-5.40300E-3	360.91061E+0	0.00000E+0	0.00000E+0
-1.94000E+0	-5.39560E-3	359.55223E+0	0.00000E+0	0.00000E+0
-1.93000E+0	-5.39760E-3	357.56633E+0	0.00000E+0	0.00000E+0
-1.92000E+0	-5.39350E-3	355.98405E+0	0.00000E+0	0.00000E+0
-1.91000E+0	-5.38490E-3	354.69554E+0	0.00000E+0	0.00000E+0
-1.90000E+0	-5.38660E-3	352.72714E+0	0.00000E+0	0.00000E+0
-1.89000E+0	-5.38210E-3	351.16404E+0	0.00000E+0	0.00000E+0
-1.88000E+0	-5.38400E-3	349.18276E+0	0.00000E+0	0.00000E+0
-1.87000E+0	-5.38060E-3	347.54488E+0	0.00000E+0	0.00000E+0
-1.86000E+0	-5.37250E-3	346.20754E+0	0.00000E+0	0.00000E+0
-1.85000E+0	-5.37440E-3	344.22447E+0	0.00000E+0	0.00000E+0
-1.84000E+0	-5.36890E-3	342.71452E+0	0.00000E+0	0.00000E+0
-1.83000E+0	-5.37060E-3	340.74405E+0	0.00000E+0	0.00000E+0
-1.82000E+0	-5.36200E-3	339.42559E+0	0.00000E+0	0.00000E+0
-1.81000E+0	-5.36390E-3	337.44104E+0	0.00000E+0	0.00000E+0
-1.80000E+0	-5.36300E-3	335.63304E+0	0.00000E+0	0.00000E+0
-1.79000E+0	-5.35390E-3	334.33572E+0	0.00000E+0	0.00000E+0
-1.78000E+0	-5.35610E-3	332.33136E+0	0.00000E+0	0.00000E+0
-1.77000E+0	-5.35010E-3	330.83494E+0	0.00000E+0	0.00000E+0
-1.76000E+0	-5.35150E-3	328.87975E+0	0.00000E+0	0.00000E+0
-1.75000E+0	-5.34460E-3	327.43330E+0	0.00000E+0	0.00000E+0
-1.74000E+0	-5.34700E-3	325.41612E+0	0.00000E+0	0.00000E+0
-1.73000E+0	-5.34340E-3	323.76390E+0	0.00000E+0	0.00000E+0
-1.72000E+0	-5.33560E-3	322.36300E+0	0.00000E+0	0.00000E+0
-1.71000E+0	-5.33910E-3	320.27870E+0	0.00000E+0	0.00000E+0
-1.70000E+0	-5.33290E-3	318.77590E+0	0.00000E+0	0.00000E+0
-1.69000E+0	-5.33150E-3	316.98396E+0	0.00000E+0	0.00000E+0
-1.68000E+0	-5.32790E-3	315.32123E+0	0.00000E+0	0.00000E+0
-1.67000E+0	-5.32790E-3	313.44432E+0	0.00000E+0	0.00000E+0
-1.66000E+0	-5.32600E-3	311.67856E+0	0.00000E+0	0.00000E+0
-1.65000E+0	-5.31910E-3	310.20285E+0	0.00000E+0	0.00000E+0
-1.64000E+0	-5.32360E-3	308.06221E+0	0.00000E+0	0.00000E+0
-1.63000E+0	-5.31510E-3	306.67344E+0	0.00000E+0	0.00000E+0
-1.62000E+0	-5.31460E-3	304.82068E+0	0.00000E+0	0.00000E+0
-1.61000E+0	-5.31200E-3	303.08735E+0	0.00000E+0	0.00000E+0
-1.60000E+0	-5.31360E-3	301.11412E+0	0.00000E+0	0.00000E+0
-1.59000E+0	-5.30650E-3	299.63253E+0	0.00000E+0	0.00000E+0
-1.58000E+0	-5.30360E-3	297.91085E+0	0.00000E+0	0.00000E+0
-1.57000E+0	-5.30740E-3	295.81339E+0	0.00000E+0	0.00000E+0
-1.56000E+0	-5.29650E-3	294.53413E+0	0.00000E+0	0.00000E+0
-1.55000E+0	-5.29960E-3	292.47490E+0	0.00000E+0	0.00000E+0
-1.54000E+0	-5.29500E-3	290.84042E+0	0.00000E+0	0.00000E+0
-1.53000E+0	-5.29500E-3	288.95184E+0	0.00000E+0	0.00000E+0
-1.52000E+0	-5.28860E-3	287.41066E+0	0.00000E+0	0.00000E+0
-1.51000E+0	-5.29000E-3	285.44423E+0	0.00000E+0	0.00000E+0
-1.50000E+0	-5.29050E-3	283.52708E+0	0.00000E+0	0.00000E+0
-1.49000E+0	-5.28100E-3	282.14353E+0	0.00000E+0	0.00000E+0
-1.48000E+0	-5.28650E-3	279.95838E+0	0.00000E+0	0.00000E+0
-1.47000E+0	-5.27950E-3	278.43546E+0	0.00000E+0	0.00000E+0
-1.46000E+0	-5.28100E-3	276.46279E+0	0.00000E+0	0.00000E+0
-1.45000E+0	-5.27450E-3	274.90757E+0	0.00000E+0	0.00000E+0
-1.44000E+0	-5.27600E-3	272.93404E+0	0.00000E+0	0.00000E+0
-1.43000E+0	-5.27100E-3	271.29577E+0	0.00000E+0	0.00000E+0
-1.42000E+0	-5.26360E-3	269.77734E+0	0.00000E+0	0.00000E+0
-1.41000E+0	-5.27050E-3	267.52680E+0	0.00000E+0	0.00000E+0
-1.40000E+0	-5.26360E-3	265.97766E+0	0.00000E+0	0.00000E+0
-1.39000E+0	-5.26400E-3	264.05775E+0	0.00000E+0	0.00000E+0
-1.38000E+0	-5.25760E-3	262.47718E+0	0.00000E+0	0.00000E+0
-1.37000E+0	-5.26000E-3	260.45627E+0	0.00000E+0	0.00000E+0
-1.36000E+0	-5.25550E-3	258.77652E+0	0.00000E+0	0.00000E+0
-1.35000E+0	-5.25000E-3	257.14286E+0	0.00000E+0	0.00000E+0
-1.34000E+0	-5.25590E-3	254.95158E+0	0.00000E+0	0.00000E+0
-1.33000E+0	-5.24710E-3	253.47335E+0	0.00000E+0	0.00000E+0
-1.32000E+0	-5.24900E-3	251.47647E+0	0.00000E+0	0.00000E+0
-1.31000E+0	-5.24500E-3	249.76168E+0	0.00000E+0	0.00000E+0
-1.30000E+0	-5.24660E-3	247.77951E+0	0.00000E+0	0.00000E+0
-1.29000E+0	-5.24000E-3	246.18321E+0	0.00000E+0	0.00000E+0
-1.28000E+0	-5.23950E-3	244.29812E+0	0.00000E+0	0.00000E+0
-1.27000E+0	-5.24310E-3	242.22311E+0	0.00000E+0	0.00000E+0
-1.26000E+0	-5.23500E-3	240.68768E+0	0.00000E+0	0.00000E+0
-1.25000E+0	-5.23610E-3	238.72730E+0	0.00000E+0	0.00000E+0
-1.24000E+0	-5.23210E-3	236.99853E+0	0.00000E+0	0.00000E+0
-1.23000E+0	-5.23210E-3	235.08725E+0	0.00000E+0	0.00000E+0
-1.22000E+0	-5.22710E-3	233.39902E+0	0.00000E+0	0.00000E+0
-1.21000E+0	-5.22850E-3	231.42393E+0	0.00000E+0	0.00000E+0
-1.20000E+0	-5.22800E-3	229.53328E+0	0.00000E+0	0.00000E+0
-1.19000E+0	-5.22160E-3	227.89949E+0	0.00000E+0	0.00000E+0
-1.18000E+0	-5.22400E-3	225.88055E+0	0.00000E+0	0.00000E+0
-1.17000E+0	-5.21800E-3	224.22384E+0	0.00000E+0	0.00000E+0
-1.16000E+0	-5.21950E-3	222.24351E+0	0.00000E+0	0.00000E+0
-1.15000E+0	-5.21560E-3	220.49237E+0	0.00000E+0	0.00000E+0
-1.14000E+0	-5.21800E-3	218.47451E+0	0.00000E+0	0.00000E+0
-1.13000E+0	-5.21210E-3	216.80321E+0	0.00000E+0	0.00000E+0
-1.12000E+0	-5.21060E-3	214.94646E+0	0.00000E+0	0.00000E+0
-1.11000E+0	-5.21350E-3	212.90879E+0	0.00000E+0	0.00000E+0
-1.10000E+0	-5.20560E-3	211.31090E+0	0.00000E+0	0.00000E+0
-1.09000E+0	-5.20900E-3	209.25322E+0	0.00000E+0	0.00000E+0
-1.08000E+0	-5.20400E-3	207.53267E+0	0.00000E+0	0.00000E+0
-1.07000E+0	-5.20560E-3	205.54787E+0	0.00000E+0	0.00000E+0
-1.06000E+0	-5.19850E-3	203.90497E+0	0.00000E+0	0.00000E+0
-1.05000E+0	-5.20250E-3	201.82605E+0	0.00000E+0	0.00000E+0
-1.04000E+0	-5.20010E-3	199.99615E+0	0.00000E+0	0.00000E+0
-1.03000E+0	-5.19350E-3	198.32483E+0	0.00000E+0	0.00000E+0
-1.02000E+0	-5.19850E-3	196.21045E+0	0.00000E+0	0.00000E+0
-1.01000E+0	-5.19110E-3	194.56377E+0	0.00000E+0	0.00000E+0
-1.00000E+0	-5.19560E-3	192.47055E+0	0.00000E+0	0.00000E+0
-990.00000E-3	-5.18700E-3	190.86177E+0	0.00000E+0	0.00000E+0
-980.00000E-3	-5.19060E-3	188.80284E+0	0.00000E+0	0.00000E+0
-970.00000E-3	-5.18700E-3	187.00598E+0	0.00000E+0	0.00000E+0
-960.00000E-3	-5.18460E-3	185.16375E+0	0.00000E+0	0.00000E+0
-950.00000E-3	-5.19110E-3	183.00553E+0	0.00000E+0	0.00000E+0
-940.00000E-3	-5.18150E-3	181.41465E+0	0.00000E+0	0.00000E+0
-930.00000E-3	-5.18610E-3	179.32550E+0	0.00000E+0	0.00000E+0
-920.00000E-3	-5.18010E-3	177.60275E+0	0.00000E+0	0.00000E+0
-910.00000E-3	-5.18250E-3	175.59093E+0	0.00000E+0	0.00000E+0
-900.00000E-3	-5.17840E-3	173.79886E+0	0.00000E+0	0.00000E+0
-890.00000E-3	-5.18010E-3	171.81135E+0	0.00000E+0	0.00000E+0
-880.00000E-3	-5.18060E-3	169.86449E+0	0.00000E+0	0.00000E+0
-870.00000E-3	-5.17300E-3	168.18094E+0	0.00000E+0	0.00000E+0
-860.00000E-3	-5.17700E-3	166.11937E+0	0.00000E+0	0.00000E+0
-850.00000E-3	-5.17110E-3	164.37508E+0	0.00000E+0	0.00000E+0
-840.00000E-3	-5.17560E-3	162.30002E+0	0.00000E+0	0.00000E+0
-830.00000E-3	-5.16840E-3	160.59129E+0	0.00000E+0	0.00000E+0
-820.00000E-3	-5.17250E-3	158.53069E+0	0.00000E+0	0.00000E+0
-810.00000E-3	-5.17060E-3	156.65493E+0	0.00000E+0	0.00000E+0
-800.00000E-3	-5.16340E-3	154.93667E+0	0.00000E+0	0.00000E+0
-790.00000E-3	-5.16920E-3	152.82829E+0	0.00000E+0	0.00000E+0
-780.00000E-3	-5.16200E-3	151.10422E+0	0.00000E+0	0.00000E+0
-770.00000E-3	-5.16800E-3	148.99381E+0	0.00000E+0	0.00000E+0
-760.00000E-3	-5.16100E-3	147.25828E+0	0.00000E+0	0.00000E+0
-750.00000E-3	-5.16460E-3	145.21938E+0	0.00000E+0	0.00000E+0
-740.00000E-3	-5.15650E-3	143.50819E+0	0.00000E+0	0.00000E+0
-730.00000E-3	-5.15790E-3	141.53047E+0	0.00000E+0	0.00000E+0
-720.00000E-3	-5.16250E-3	139.46731E+0	0.00000E+0	0.00000E+0
-710.00000E-3	-5.15460E-3	137.74105E+0	0.00000E+0	0.00000E+0
-700.00000E-3	-5.15600E-3	135.76416E+0	0.00000E+0	0.00000E+0
-690.00000E-3	-5.15250E-3	133.91557E+0	0.00000E+0	0.00000E+0
-680.00000E-3	-5.15600E-3	131.88518E+0	0.00000E+0	0.00000E+0
-670.00000E-3	-5.15200E-3	130.04658E+0	0.00000E+0	0.00000E+0
-660.00000E-3	-5.15510E-3	128.02855E+0	0.00000E+0	0.00000E+0
-650.00000E-3	-5.15200E-3	126.16460E+0	0.00000E+0	0.00000E+0
-640.00000E-3	-5.14790E-3	124.32254E+0	0.00000E+0	0.00000E+0
-630.00000E-3	-5.15200E-3	122.28261E+0	0.00000E+0	0.00000E+0
-620.00000E-3	-5.14750E-3	120.44682E+0	0.00000E+0	0.00000E+0
-610.00000E-3	-5.14960E-3	118.45580E+0	0.00000E+0	0.00000E+0
-600.00000E-3	-5.14700E-3	116.57276E+0	0.00000E+0	0.00000E+0
-590.00000E-3	-5.14700E-3	114.62988E+0	0.00000E+0	0.00000E+0
-580.00000E-3	-5.14360E-3	112.76149E+0	0.00000E+0	0.00000E+0
-570.00000E-3	-5.14700E-3	110.74412E+0	0.00000E+0	0.00000E+0
-560.00000E-3	-5.14650E-3	108.81181E+0	0.00000E+0	0.00000E+0
-550.00000E-3	-5.14010E-3	107.00181E+0	0.00000E+0	0.00000E+0
-540.00000E-3	-5.14460E-3	104.96443E+0	0.00000E+0	0.00000E+0
-530.00000E-3	-5.14050E-3	103.10281E+0	0.00000E+0	0.00000E+0
-520.00000E-3	-5.14240E-3	101.12010E+0	0.00000E+0	0.00000E+0
-510.00000E-3	-5.13960E-3	99.22951E+0	0.00000E+0	0.00000E+0
-500.00000E-3	-5.14240E-3	97.23086E+0	0.00000E+0	0.00000E+0
-490.00000E-3	-5.13960E-3	95.33816E+0	0.00000E+0	0.00000E+0
-480.00000E-3	-5.13550E-3	93.46704E+0	0.00000E+0	0.00000E+0
-470.00000E-3	-5.14150E-3	91.41301E+0	0.00000E+0	0.00000E+0
-460.00000E-3	-5.13310E-3	89.61446E+0	0.00000E+0	0.00000E+0
-450.00000E-3	-5.13650E-3	87.60829E+0	0.00000E+0	0.00000E+0
-440.00000E-3	-5.13410E-3	85.70149E+0	0.00000E+0	0.00000E+0
-430.00000E-3	-5.13700E-3	83.70644E+0	0.00000E+0	0.00000E+0
-420.00000E-3	-5.13310E-3	81.82190E+0	0.00000E+0	0.00000E+0
-410.00000E-3	-5.13360E-3	79.86598E+0	0.00000E+0	0.00000E+0
-400.00000E-3	-5.13510E-3	77.89527E+0	0.00000E+0	0.00000E+0
-390.00000E-3	-5.13100E-3	76.00858E+0	0.00000E+0	0.00000E+0
-380.00000E-3	-5.13550E-3	73.99474E+0	0.00000E+0	0.00000E+0
-370.00000E-3	-5.13010E-3	72.12335E+0	0.00000E+0	0.00000E+0
-360.00000E-3	-5.13240E-3	70.14262E+0	0.00000E+0	0.00000E+0
-350.00000E-3	-5.12810E-3	68.25140E+0	0.00000E+0	0.00000E+0
-340.00000E-3	-5.13310E-3	66.23678E+0	0.00000E+0	0.00000E+0
-330.00000E-3	-5.12960E-3	64.33250E+0	0.00000E+0	0.00000E+0
-320.00000E-3	-5.12650E-3	62.42075E+0	0.00000E+0	0.00000E+0
-310.00000E-3	-5.13200E-3	60.40530E+0	0.00000E+0	0.00000E+0
-300.00000E-3	-5.12600E-3	58.52517E+0	0.00000E+0	0.00000E+0
-290.00000E-3	-5.12860E-3	56.54565E+0	0.00000E+0	0.00000E+0
-280.00000E-3	-5.12550E-3	54.62882E+0	0.00000E+0	0.00000E+0
-270.00000E-3	-5.12910E-3	52.64081E+0	0.00000E+0	0.00000E+0
-260.00000E-3	-5.12360E-3	50.74557E+0	0.00000E+0	0.00000E+0
-250.00000E-3	-5.12650E-3	48.76621E+0	0.00000E+0	0.00000E+0
-240.00000E-3	-5.12600E-3	46.82013E+0	0.00000E+0	0.00000E+0
-230.00000E-3	-5.11860E-3	44.93416E+0	0.00000E+0	0.00000E+0
-220.00000E-3	-5.12550E-3	42.92264E+0	0.00000E+0	0.00000E+0
-210.00000E-3	-5.12100E-3	41.00762E+0	0.00000E+0	0.00000E+0
-200.00000E-3	-5.12500E-3	39.02439E+0	0.00000E+0	0.00000E+0
-190.00000E-3	-5.12000E-3	37.10937E+0	0.00000E+0	0.00000E+0
-180.00000E-3	-5.12600E-3	35.11510E+0	0.00000E+0	0.00000E+0
-170.00000E-3	-5.12190E-3	33.19081E+0	0.00000E+0	0.00000E+0
-160.00000E-3	-5.12000E-3	31.25000E+0	0.00000E+0	0.00000E+0
-150.00000E-3	-5.12550E-3	29.26544E+0	0.00000E+0	0.00000E+0
-140.00000E-3	-5.11810E-3	27.35390E+0	0.00000E+0	0.00000E+0
-130.00000E-3	-5.12150E-3	25.38319E+0	0.00000E+0	0.00000E+0
-120.00000E-3	-5.11770E-3	23.44803E+0	0.00000E+0	0.00000E+0
-110.00000E-3	-5.12100E-3	21.48018E+0	0.00000E+0	0.00000E+0
-100.00000E-3	-5.11360E-3	19.55569E+0	0.00000E+0	0.00000E+0
-90.00000E-3	-5.12050E-3	17.57641E+0	0.00000E+0	0.00000E+0
-80.00000E-3	-5.12050E-3	15.62347E+0	0.00000E+0	0.00000E+0
-70.00000E-3	-5.11410E-3	13.68765E+0	0.00000E+0	0.00000E+0
-60.00000E-3	-5.11770E-3	11.72402E+0	0.00000E+0	0.00000E+0
-50.00000E-3	-5.11500E-3	9.77517E+0	0.00000E+0	0.00000E+0
-40.00000E-3	-5.11910E-3	7.81387E+0	0.00000E+0	0.00000E+0
-30.00000E-3	-5.11190E-3	5.86866E+0	0.00000E+0	0.00000E+0
-20.00000E-3	-5.11650E-3	3.90892E+0	0.00000E+0	0.00000E+0
-10.00000E-3	-5.11260E-3	1.95595E+0	0.00000E+0	0.00000E+0
0.00000E+0	-5.10910E-3	-0.00000E+0	0.00000E+0	0.00000E+0
10.00000E-3	-5.11260E-3	-1.95595E+0	0.00000E+0	0.00000E+0
20.00000E-3	-5.10600E-3	-3.91696E+0	0.00000E+0	0.00000E+0
30.00000E-3	-5.10690E-3	-5.87441E+0	0.00000E+0	0.00000E+0
40.00000E-3	-5.10140E-3	-7.84098E+0	0.00000E+0	0.00000E+0
50.00000E-3	-5.10360E-3	-9.79701E+0	0.00000E+0	0.00000E+0
60.00000E-3	-5.09710E-3	-11.77140E+0	0.00000E+0	0.00000E+0
70.00000E-3	-5.09000E-3	-13.75246E+0	0.00000E+0	0.00000E+0
80.00000E-3	-5.09400E-3	-15.70475E+0	0.00000E+0	0.00000E+0
90.00000E-3	-5.08590E-3	-17.69598E+0	0.00000E+0	0.00000E+0
100.00000E-3	-5.08310E-3	-19.67303E+0	0.00000E+0	0.00000E+0
110.00000E-3	-5.07710E-3	-21.66591E+0	0.00000E+0	0.00000E+0
120.00000E-3	-5.07400E-3	-23.64998E+0	0.00000E+0	0.00000E+0
130.00000E-3	-5.06450E-3	-25.66887E+0	0.00000E+0	0.00000E+0
140.00000E-3	-5.05900E-3	-27.67345E+0	0.00000E+0	0.00000E+0
150.00000E-3	-5.05760E-3	-29.65834E+0	0.00000E+0	0.00000E+0
160.00000E-3	-5.04400E-3	-31.72086E+0	0.00000E+0	0.00000E+0
170.00000E-3	-5.04210E-3	-33.71611E+0	0.00000E+0	0.00000E+0
180.00000E-3	-5.03400E-3	-35.75685E+0	0.00000E+0	0.00000E+0
190.00000E-3	-5.03060E-3	-37.76885E+0	0.00000E+0	0.00000E+0
200.00000E-3	-5.01850E-3	-39.85255E+0	0.00000E+0	0.00000E+0
210.00000E-3	-5.01110E-3	-41.90697E+0	0.00000E+0	0.00000E+0
220.00000E-3	-5.00700E-3	-43.93849E+0	0.00000E+0	0.00000E+0
230.00000E-3	-4.99010E-3	-46.09126E+0	0.00000E+0	0.00000E+0
240.00000E-3	-4.98250E-3	-48.16859E+0	0.00000E+0	0.00000E+0
250.00000E-3	-4.96860E-3	-50.31598E+0	0.00000E+0	0.00000E+0
260.00000E-3	-4.95910E-3	-52.42887E+0	0.00000E+0	0.00000E+0
270.00000E-3	-4.94190E-3	-54.63486E+0	0.00000E+0	0.00000E+0
280.00000E-3	-4.93050E-3	-56.78937E+0	0.00000E+0	0.00000E+0
290.00000E-3	-4.91550E-3	-58.99705E+0	0.00000E+0	0.00000E+0
300.00000E-3	-4.89260E-3	-61.31709E+0	0.00000E+0	0.00000E+0
310.00000E-3	-4.87950E-3	-63.53110E+0	0.00000E+0	0.00000E+0
320.00000E-3	-4.85210E-3	-65.95083E+0	0.00000E+0	0.00000E+0
330.00000E-3	-4.82800E-3	-68.35128E+0	0.00000E+0	0.00000E+0
340.00000E-3	-4.79550E-3	-70.89980E+0	0.00000E+0	0.00000E+0
350.00000E-3	-4.76650E-3	-73.42914E+0	0.00000E+0	0.00000E+0
360.00000E-3	-4.72450E-3	-76.19854E+0	0.00000E+0	0.00000E+0
370.00000E-3	-4.67510E-3	-79.14269E+0	0.00000E+0	0.00000E+0
380.00000E-3	-4.62410E-3	-82.17815E+0	0.00000E+0	0.00000E+0
390.00000E-3	-4.55210E-3	-85.67474E+0	0.00000E+0	0.00000E+0
400.00000E-3	-4.47250E-3	-89.43544E+0	0.00000E+0	0.00000E+0
410.00000E-3	-4.36450E-3	-93.93974E+0	0.00000E+0	0.00000E+0
420.00000E-3	-4.23500E-3	-99.17355E+0	0.00000E+0	0.00000E+0
430.00000E-3	-4.06240E-3	-105.84876E+0	0.00000E+0	0.00000E+0
440.00000E-3	-3.84560E-3	-114.41648E+0	0.00000E+0	0.00000E+0
450.00000E-3	-3.57510E-3	-125.87061E+0	0.00000E+0	0.00000E+0
460.00000E-3	-3.21260E-3	-143.18620E+0	0.00000E+0	0.00000E+0
470.00000E-3	-2.77050E-3	-169.64447E+0	0.00000E+0	0.00000E+0
480.00000E-3	-2.19700E-3	-218.47975E+0	0.00000E+0	0.00000E+0
490.00000E-3	-1.51300E-3	-323.85988E+0	0.00000E+0	0.00000E+0
500.00000E-3	-678.36000E-6	-737.07176E+0	0.00000E+0	0.00000E+0
510.00000E-3	290.10000E-6	1.75801E+3	0.00000E+0	0.00000E+0
520.00000E-3	1.40250E-3	370.76649E+0	0.00000E+0	0.00000E+0
530.00000E-3	2.64910E-3	200.06795E+0	0.00000E+0	0.00000E+0
540.00000E-3	4.03860E-3	133.70970E+0	0.00000E+0	0.00000E+0
550.00000E-3	5.53890E-3	99.29769E+0	0.00000E+0	0.00000E+0
560.00000E-3	7.12250E-3	78.62408E+0	0.00000E+0	0.00000E+0
570.00000E-3	8.82430E-3	64.59436E+0	0.00000E+0	0.00000E+0
580.00000E-3	10.00100E-3	57.99420E+0	0.00000E+0	1.00000E+0
590.00000E-3	10.00100E-3	58.99410E+0	0.00000E+0	1.00000E+0
600.00000E-3	10.00000E-3	60.00000E+0	0.00000E+0	1.00000E+0
610.00000E-3	10.00100E-3	60.99390E+0	0.00000E+0	1.00000E+0
620.00000E-3	10.00000E-3	62.00000E+0	0.00000E+0	1.00000E+0
630.00000E-3	10.00100E-3	62.99370E+0	0.00000E+0	1.00000E+0
640.00000E-3	10.00100E-3	63.99360E+0	0.00000E+0	1.00000E+0
650.00000E-3	10.00100E-3	64.99350E+0	0.00000E+0	1.00000E+0
660.00000E-3	10.00000E-3	66.00000E+0	0.00000E+0	1.00000E+0
670.00000E-3	10.00100E-3	66.99330E+0	0.00000E+0	1.00000E+0
680.00000E-3	10.00100E-3	67.99320E+0	0.00000E+0	1.00000E+0
690.00000E-3	10.00100E-3	68.99310E+0	0.00000E+0	1.00000E+0
700.00000E-3	10.00000E-3	70.00000E+0	0.00000E+0	1.00000E+0
710.00000E-3	10.00100E-3	70.99290E+0	0.00000E+0	1.00000E+0
720.00000E-3	10.00100E-3	71.99280E+0	0.00000E+0	1.00000E+0
730.00000E-3	10.00100E-3	72.99270E+0	0.00000E+0	1.00000E+0
740.00000E-3	10.00100E-3	73.99260E+0	0.00000E+0	1.00000E+0
750.00000E-3	10.00100E-3	74.99250E+0	0.00000E+0	1.00000E+0
760.00000E-3	10.00100E-3	75.99240E+0	0.00000E+0	1.00000E+0
770.00000E-3	10.00100E-3	76.99230E+0	0.00000E+0	1.00000E+0
780.00000E-3	10.00100E-3	77.99220E+0	0.00000E+0	1.00000E+0
790.00000E-3	10.00100E-3	78.99210E+0	0.00000E+0	1.00000E+0
800.00000E-3	10.00100E-3	79.99200E+0	0.00000E+0	1.00000E+0
810.00000E-3	10.00100E-3	80.99190E+0	0.00000E+0	1.00000E+0
820.00000E-3	10.00100E-3	81.99180E+0	0.00000E+0	1.00000E+0
830.00000E-3	10.00100E-3	82.99170E+0	0.00000E+0	1.00000E+0
840.00000E-3	10.00100E-3	83.99160E+0	0.00000E+0	1.00000E+0
850.00000E-3	10.00100E-3	84.99150E+0	0.00000E+0	1.00000E+0
860.00000E-3	10.00100E-3	85.99140E+0	0.00000E+0	1.00000E+0
870.00000E-3	10.00100E-3	86.99130E+0	0.00000E+0	1.00000E+0
880.00000E-3	10.00100E-3	87.99120E+0	0.00000E+0	1.00000E+0
890.00000E-3	10.00100E-3	88.99110E+0	0.00000E+0	1.00000E+0
900.00000E-3	10.00100E-3	89.99100E+0	0.00000E+0	1.00000E+0
910.00000E-3	10.00100E-3	90.99090E+0	0.00000E+0	1.00000E+0
920.00000E-3	10.00100E-3	91.99080E+0	0.00000E+0	1.00000E+0
930.00000E-3	10.00100E-3	92.99070E+0	0.00000E+0	1.00000E+0
940.00000E-3	10.00100E-3	93.99060E+0	0.00000E+0	1.00000E+0
950.00000E-3	10.00100E-3	94.99050E+0	0.00000E+0	1.00000E+0
960.00000E-3	10.00100E-3	95.99040E+0	0.00000E+0	1.00000E+0
970.00000E-3	10.00100E-3	96.99030E+0	0.00000E+0	1.00000E+0
980.00000E-3	10.00100E-3	97.99020E+0	0.00000E+0	1.00000E+0
990.00000E-3	10.00100E-3	98.99010E+0	0.00000E+0	1.00000E+0
1.00000E+0	10.00100E-3	99.99000E+0	0.00000E+0	1.00000E+0
1.01000E+0	10.00100E-3	100.98990E+0	0.00000E+0	1.00000E+0
1.02000E+0	10.00100E-3	101.98980E+0	0.00000E+0	1.00000E+0
1.03000E+0	10.00100E-3	102.98970E+0	0.00000E+0	1.00000E+0
1.04000E+0	10.00000E-3	104.00000E+0	0.00000E+0	1.00000E+0
1.05000E+0	10.00100E-3	104.98950E+0	0.00000E+0	1.00000E+0
1.06000E+0	10.00100E-3	105.98940E+0	0.00000E+0	1.00000E+0
1.07000E+0	10.00100E-3	106.98930E+0	0.00000E+0	1.00000E+0
1.08000E+0	10.00100E-3	107.98920E+0	0.00000E+0	1.00000E+0
1.09000E+0	10.00100E-3	108.98910E+0	0.00000E+0	1.00000E+0
1.10000E+0	10.00100E-3	109.98900E+0	0.00000E+0	1.00000E+0
1.11000E+0	10.00100E-3	110.98890E+0	0.00000E+0	1.00000E+0
1.12000E+0	10.00100E-3	111.98880E+0	0.00000E+0	1.00000E+0
1.13000E+0	10.00100E-3	112.98870E+0	0.00000E+0	1.00000E+0
1.14000E+0	10.00100E-3	113.98860E+0	0.00000E+0	1.00000E+0
1.15000E+0	10.00100E-3	114.98850E+0	0.00000E+0	1.00000E+0
1.16000E+0	10.00100E-3	115.98840E+0	0.00000E+0	1.00000E+0
1.17000E+0	10.00100E-3	116.98830E+0	0.00000E+0	1.00000E+0
1.18000E+0	10.00100E-3	117.98820E+0	0.00000E+0	1.00000E+0
1.19000E+0	10.00100E-3	118.98810E+0	0.00000E+0	1.00000E+0
1.20000E+0	10.00100E-3	119.98800E+0	0.00000E+0	1.00000E+0
1.21000E+0	10.00100E-3	120.98790E+0	0.00000E+0	1.00000E+0
1.22000E+0	10.00100E-3	121.98780E+0	0.00000E+0	1.00000E+0
1.23000E+0	10.00100E-3	122.98770E+0	0.00000E+0	1.00000E+0
1.24000E+0	10.00100E-3	123.98760E+0	0.00000E+0	1.00000E+0
1.25000E+0	10.00100E-3	124.98750E+0	0.00000E+0	1.00000E+0
1.26000E+0	10.00100E-3	125.98740E+0	0.00000E+0	1.00000E+0
1.27000E+0	10.00100E-3	126.98730E+0	0.00000E+0	1.00000E+0
1.28000E+0	10.00100E-3	127.98720E+0	0.00000E+0	1.00000E+0
1.29000E+0	10.00100E-3	128.98710E+0	0.00000E+0	1.00000E+0
1.30000E+0	10.00100E-3	129.98700E+0	0.00000E+0	1.00000E+0
1.31000E+0	10.00100E-3	130.98690E+0	0.00000E+0	1.00000E+0
1.32000E+0	10.00100E-3	131.98680E+0	0.00000E+0	1.00000E+0
1.33000E+0	10.00100E-3	132.98670E+0	0.00000E+0	1.00000E+0
1.34000E+0	10.00100E-3	133.98660E+0	0.00000E+0	1.00000E+0
1.35000E+0	10.00100E-3	134.98650E+0	0.00000E+0	1.00000E+0
1.36000E+0	10.00100E-3	135.98640E+0	0.00000E+0	1.00000E+0
1.37000E+0	10.00100E-3	136.98630E+0	0.00000E+0	1.00000E+0
1.38000E+0	10.00100E-3	137.98620E+0	0.00000E+0	1.00000E+0
1.39000E+0	10.00100E-3	138.98610E+0	0.00000E+0	1.00000E+0
1.40000E+0	10.00100E-3	139.98600E+0	0.00000E+0	1.00000E+0
1.41000E+0	10.00100E-3	140.98590E+0	0.00000E+0	1.00000E+0
1.42000E+0	10.00100E-3	141.98580E+0	0.00000E+0	1.00000E+0
1.43000E+0	10.00100E-3	142.98570E+0	0.00000E+0	1.00000E+0
1.44000E+0	10.00100E-3	143.98560E+0	0.00000E+0	1.00000E+0
1.45000E+0	10.00100E-3	144.98550E+0	0.00000E+0	1.00000E+0
1.46000E+0	10.00100E-3	145.98540E+0	0.00000E+0	1.00000E+0
1.47000E+0	10.00100E-3	146.98530E+0	0.00000E+0	1.00000E+0
1.48000E+0	10.00100E-3	147.98520E+0	0.00000E+0	1.00000E+0
1.49000E+0	10.00100E-3	148.98510E+0	0.00000E+0	1.00000E+0
1.50000E+0	10.00100E-3	149.98500E+0	0.00000E+0	1.00000E+0
